 r/a            s_alpha        s_alpha_i      s_alpha_e      frac_ai        frac_ae        E_alpha/E_c
                (MW/cm^3)      (MW/cm^3)      (MW/cm^3)                                    
 0.000000E+00   0.000000E+00   0.000000E+00   0.000000E+00   2.926081E-01   7.073919E-01   5.376258E+00
 7.172317E-02   0.000000E+00   0.000000E+00   0.000000E+00   2.904356E-01   7.095644E-01   5.430043E+00
 1.546762E-01   0.000000E+00   0.000000E+00   0.000000E+00   2.878071E-01   7.121929E-01   5.496237E+00
 2.394601E-01   0.000000E+00   0.000000E+00   0.000000E+00   2.772991E-01   7.227009E-01   5.773757E+00
 3.293615E-01   0.000000E+00   0.000000E+00   0.000000E+00   2.473093E-01   7.526907E-01   6.699471E+00
 4.177440E-01   0.000000E+00   0.000000E+00   0.000000E+00   2.157753E-01   7.842247E-01   7.959065E+00
 5.034534E-01   0.000000E+00   0.000000E+00   0.000000E+00   1.903467E-01   8.096533E-01   9.288034E+00
 5.859717E-01   0.000000E+00   0.000000E+00   0.000000E+00   1.675474E-01   8.324526E-01   1.083276E+01
 6.647364E-01   0.000000E+00   0.000000E+00   0.000000E+00   1.472687E-01   8.527313E-01   1.262014E+01
 7.395448E-01   0.000000E+00   0.000000E+00   0.000000E+00   1.283948E-01   8.716052E-01   1.480507E+01
 8.099200E-01   0.000000E+00   0.000000E+00   0.000000E+00   1.112753E-01   8.887247E-01   1.744500E+01
 8.751982E-01   0.000000E+00   0.000000E+00   0.000000E+00   9.383522E-02   9.061648E-01   2.115020E+01
 9.348651E-01   0.000000E+00   0.000000E+00   0.000000E+00   7.904220E-02   9.209578E-01   2.560556E+01
 r/a            s_alpha        s_alpha_i      s_alpha_e      frac_ai        frac_ae        E_alpha/E_c
                (MW/cm^3)      (MW/cm^3)      (MW/cm^3)                                    
 0.000000E+00   0.000000E+00   0.000000E+00   0.000000E+00   2.913697E-01   7.086303E-01   5.406816E+00
 7.172317E-02   0.000000E+00   0.000000E+00   0.000000E+00   2.894323E-01   7.105677E-01   5.455164E+00
 1.546762E-01   0.000000E+00   0.000000E+00   0.000000E+00   2.871219E-01   7.128781E-01   5.513698E+00
 2.394601E-01   0.000000E+00   0.000000E+00   0.000000E+00   2.767088E-01   7.232912E-01   5.789990E+00
 3.293615E-01   0.000000E+00   0.000000E+00   0.000000E+00   2.468028E-01   7.531972E-01   6.717091E+00
 4.177440E-01   0.000000E+00   0.000000E+00   0.000000E+00   2.153323E-01   7.846677E-01   7.979461E+00
 5.034534E-01   0.000000E+00   0.000000E+00   0.000000E+00   1.899545E-01   8.100455E-01   9.311394E+00
 5.859717E-01   0.000000E+00   0.000000E+00   0.000000E+00   1.672002E-01   8.327998E-01   1.085963E+01
 6.647364E-01   0.000000E+00   0.000000E+00   0.000000E+00   1.469620E-01   8.530380E-01   1.265106E+01
 7.395448E-01   0.000000E+00   0.000000E+00   0.000000E+00   1.281287E-01   8.718713E-01   1.484059E+01
 8.099200E-01   0.000000E+00   0.000000E+00   0.000000E+00   1.110469E-01   8.889531E-01   1.748586E+01
 8.751982E-01   0.000000E+00   0.000000E+00   0.000000E+00   9.365033E-02   9.063497E-01   2.119703E+01
 9.348651E-01   0.000000E+00   0.000000E+00   0.000000E+00   7.904220E-02   9.209578E-01   2.560556E+01
 r/a            s_alpha        s_alpha_i      s_alpha_e      frac_ai        frac_ae        E_alpha/E_c
                (MW/cm^3)      (MW/cm^3)      (MW/cm^3)                                    
 0.000000E+00   0.000000E+00   0.000000E+00   0.000000E+00   2.878460E-01   7.121540E-01   5.495248E+00
 7.172317E-02   0.000000E+00   0.000000E+00   0.000000E+00   2.864478E-01   7.135522E-01   5.530958E+00
 1.546762E-01   0.000000E+00   0.000000E+00   0.000000E+00   2.855942E-01   7.144058E-01   5.552935E+00
 2.394601E-01   0.000000E+00   0.000000E+00   0.000000E+00   2.765343E-01   7.234657E-01   5.794804E+00
 3.293615E-01   0.000000E+00   0.000000E+00   0.000000E+00   2.471867E-01   7.528133E-01   6.703728E+00
 4.177440E-01   0.000000E+00   0.000000E+00   0.000000E+00   2.157158E-01   7.842842E-01   7.961798E+00
 5.034534E-01   0.000000E+00   0.000000E+00   0.000000E+00   1.903314E-01   8.096686E-01   9.288944E+00
 5.859717E-01   0.000000E+00   0.000000E+00   0.000000E+00   1.676513E-01   8.323487E-01   1.082474E+01
 6.647364E-01   0.000000E+00   0.000000E+00   0.000000E+00   1.474558E-01   8.525442E-01   1.260135E+01
 7.395448E-01   0.000000E+00   0.000000E+00   0.000000E+00   1.286336E-01   8.713664E-01   1.477332E+01
 8.099200E-01   0.000000E+00   0.000000E+00   0.000000E+00   1.115061E-01   8.884939E-01   1.740389E+01
 8.751982E-01   0.000000E+00   0.000000E+00   0.000000E+00   9.412634E-02   9.058737E-01   2.107683E+01
 9.348651E-01   0.000000E+00   0.000000E+00   0.000000E+00   7.904220E-02   9.209578E-01   2.560556E+01
 r/a            s_alpha        s_alpha_i      s_alpha_e      frac_ai        frac_ae        E_alpha/E_c
                (MW/cm^3)      (MW/cm^3)      (MW/cm^3)                                    
 0.000000E+00   0.000000E+00   0.000000E+00   0.000000E+00   2.880011E-01   7.119989E-01   5.491309E+00
 7.172317E-02   0.000000E+00   0.000000E+00   0.000000E+00   2.860713E-01   7.139287E-01   5.540636E+00
 1.546762E-01   0.000000E+00   0.000000E+00   0.000000E+00   2.859139E-01   7.140861E-01   5.544688E+00
 2.394601E-01   0.000000E+00   0.000000E+00   0.000000E+00   2.779011E-01   7.220989E-01   5.757276E+00
 3.293615E-01   0.000000E+00   0.000000E+00   0.000000E+00   2.483368E-01   7.516632E-01   6.663950E+00
 4.177440E-01   0.000000E+00   0.000000E+00   0.000000E+00   2.168625E-01   7.831375E-01   7.909369E+00
 5.034534E-01   0.000000E+00   0.000000E+00   0.000000E+00   1.914801E-01   8.085199E-01   9.221079E+00
 5.859717E-01   0.000000E+00   0.000000E+00   0.000000E+00   1.688384E-01   8.311616E-01   1.073385E+01
 6.647364E-01   0.000000E+00   0.000000E+00   0.000000E+00   1.485843E-01   8.514157E-01   1.248901E+01
 7.395448E-01   0.000000E+00   0.000000E+00   0.000000E+00   1.297014E-01   8.702986E-01   1.463283E+01
 8.099200E-01   0.000000E+00   0.000000E+00   0.000000E+00   1.125129E-01   8.874871E-01   1.722658E+01
 8.751982E-01   0.000000E+00   0.000000E+00   0.000000E+00   9.523059E-02   9.047694E-01   2.080271E+01
 9.348651E-01   0.000000E+00   0.000000E+00   0.000000E+00   7.904220E-02   9.209578E-01   2.560556E+01
 r/a            s_alpha        s_alpha_i      s_alpha_e      frac_ai        frac_ae        E_alpha/E_c
                (MW/cm^3)      (MW/cm^3)      (MW/cm^3)                                    
 0.000000E+00   0.000000E+00   0.000000E+00   0.000000E+00   2.954347E-01   7.045653E-01   5.307493E+00
 7.172317E-02   0.000000E+00   0.000000E+00   0.000000E+00   2.931169E-01   7.068831E-01   5.363780E+00
 1.546762E-01   0.000000E+00   0.000000E+00   0.000000E+00   2.913024E-01   7.086976E-01   5.408485E+00
 2.394601E-01   0.000000E+00   0.000000E+00   0.000000E+00   2.802832E-01   7.197168E-01   5.692770E+00
 3.293615E-01   0.000000E+00   0.000000E+00   0.000000E+00   2.494622E-01   7.505378E-01   6.625388E+00
 4.177440E-01   0.000000E+00   0.000000E+00   0.000000E+00   2.183217E-01   7.816783E-01   7.843467E+00
 5.034534E-01   0.000000E+00   0.000000E+00   0.000000E+00   1.929449E-01   8.070551E-01   9.135741E+00
 5.859717E-01   0.000000E+00   0.000000E+00   0.000000E+00   1.703061E-01   8.296939E-01   1.062327E+01
 6.647364E-01   0.000000E+00   0.000000E+00   0.000000E+00   1.499291E-01   8.500709E-01   1.235740E+01
 7.395448E-01   0.000000E+00   0.000000E+00   0.000000E+00   1.309451E-01   8.690549E-01   1.447214E+01
 8.099200E-01   0.000000E+00   0.000000E+00   0.000000E+00   1.135797E-01   8.864203E-01   1.704222E+01
 8.751982E-01   0.000000E+00   0.000000E+00   0.000000E+00   9.633027E-02   9.036697E-01   2.053609E+01
 9.348651E-01   0.000000E+00   0.000000E+00   0.000000E+00   7.904220E-02   9.209578E-01   2.560556E+01
 r/a            s_alpha        s_alpha_i      s_alpha_e      frac_ai        frac_ae        E_alpha/E_c
                (MW/cm^3)      (MW/cm^3)      (MW/cm^3)                                    
 0.000000E+00   0.000000E+00   0.000000E+00   0.000000E+00   3.054756E-01   6.945244E-01   5.073805E+00
 7.172317E-02   0.000000E+00   0.000000E+00   0.000000E+00   3.027417E-01   6.972583E-01   5.135852E+00
 1.546762E-01   0.000000E+00   0.000000E+00   0.000000E+00   2.980851E-01   7.019149E-01   5.244236E+00
 2.394601E-01   0.000000E+00   0.000000E+00   0.000000E+00   2.821921E-01   7.178079E-01   5.641887E+00
 3.293615E-01   0.000000E+00   0.000000E+00   0.000000E+00   2.497800E-01   7.502200E-01   6.614563E+00
 4.177440E-01   0.000000E+00   0.000000E+00   0.000000E+00   2.192946E-01   7.807054E-01   7.800028E+00
 5.034534E-01   0.000000E+00   0.000000E+00   0.000000E+00   1.939563E-01   8.060437E-01   9.077589E+00
 5.859717E-01   0.000000E+00   0.000000E+00   0.000000E+00   1.713607E-01   8.286393E-01   1.054502E+01
 6.647364E-01   0.000000E+00   0.000000E+00   0.000000E+00   1.509100E-01   8.490900E-01   1.226291E+01
 7.395448E-01   0.000000E+00   0.000000E+00   0.000000E+00   1.319333E-01   8.680667E-01   1.434667E+01
 8.099200E-01   0.000000E+00   0.000000E+00   0.000000E+00   1.144610E-01   8.855390E-01   1.689256E+01
 8.751982E-01   0.000000E+00   0.000000E+00   0.000000E+00   9.732702E-02   9.026730E-01   2.029974E+01
 9.348651E-01   0.000000E+00   0.000000E+00   0.000000E+00   7.904220E-02   9.209578E-01   2.560556E+01
 r/a            s_alpha        s_alpha_i      s_alpha_e      frac_ai        frac_ae        E_alpha/E_c
                (MW/cm^3)      (MW/cm^3)      (MW/cm^3)                                    
 0.000000E+00   0.000000E+00   0.000000E+00   0.000000E+00   3.191078E-01   6.808922E-01   4.780724E+00
 7.172317E-02   0.000000E+00   0.000000E+00   0.000000E+00   3.155650E-01   6.844350E-01   4.854384E+00
 1.546762E-01   0.000000E+00   0.000000E+00   0.000000E+00   3.051754E-01   6.948246E-01   5.080561E+00
 2.394601E-01   0.000000E+00   0.000000E+00   0.000000E+00   2.827088E-01   7.172912E-01   5.628235E+00
 3.293615E-01   0.000000E+00   0.000000E+00   0.000000E+00   2.495290E-01   7.504710E-01   6.623112E+00
 4.177440E-01   0.000000E+00   0.000000E+00   0.000000E+00   2.197593E-01   7.802407E-01   7.779419E+00
 5.034534E-01   0.000000E+00   0.000000E+00   0.000000E+00   1.945544E-01   8.054456E-01   9.043491E+00
 5.859717E-01   0.000000E+00   0.000000E+00   0.000000E+00   1.720931E-01   8.279069E-01   1.049124E+01
 6.647364E-01   0.000000E+00   0.000000E+00   0.000000E+00   1.514908E-01   8.485092E-01   1.220756E+01
 7.395448E-01   0.000000E+00   0.000000E+00   0.000000E+00   1.324315E-01   8.675685E-01   1.428415E+01
 8.099200E-01   0.000000E+00   0.000000E+00   0.000000E+00   1.147797E-01   8.852203E-01   1.683902E+01
 8.751982E-01   0.000000E+00   0.000000E+00   0.000000E+00   9.781604E-02   9.021840E-01   2.018558E+01
 9.348651E-01   0.000000E+00   0.000000E+00   0.000000E+00   7.904220E-02   9.209578E-01   2.560556E+01
 r/a            s_alpha        s_alpha_i      s_alpha_e      frac_ai        frac_ae        E_alpha/E_c
                (MW/cm^3)      (MW/cm^3)      (MW/cm^3)                                    
 0.000000E+00   0.000000E+00   0.000000E+00   0.000000E+00   3.296433E-01   6.703567E-01   4.571301E+00
 7.172317E-02   0.000000E+00   0.000000E+00   0.000000E+00   3.248422E-01   6.751578E-01   4.665001E+00
 1.546762E-01   0.000000E+00   0.000000E+00   0.000000E+00   3.082199E-01   6.917801E-01   5.012658E+00
 2.394601E-01   0.000000E+00   0.000000E+00   0.000000E+00   2.809301E-01   7.190699E-01   5.675449E+00
 3.293615E-01   0.000000E+00   0.000000E+00   0.000000E+00   2.485896E-01   7.514104E-01   6.655256E+00
 4.177440E-01   0.000000E+00   0.000000E+00   0.000000E+00   2.196209E-01   7.803791E-01   7.785545E+00
 5.034534E-01   0.000000E+00   0.000000E+00   0.000000E+00   1.945937E-01   8.054063E-01   9.041257E+00
 5.859717E-01   0.000000E+00   0.000000E+00   0.000000E+00   1.722932E-01   8.277068E-01   1.047664E+01
 6.647364E-01   0.000000E+00   0.000000E+00   0.000000E+00   1.516214E-01   8.483786E-01   1.219517E+01
 7.395448E-01   0.000000E+00   0.000000E+00   0.000000E+00   1.325065E-01   8.674935E-01   1.427476E+01
 8.099200E-01   0.000000E+00   0.000000E+00   0.000000E+00   1.147312E-01   8.852688E-01   1.684715E+01
 8.751982E-01   0.000000E+00   0.000000E+00   0.000000E+00   9.794917E-02   9.020508E-01   2.015470E+01
 9.348651E-01   0.000000E+00   0.000000E+00   0.000000E+00   7.904220E-02   9.209578E-01   2.560556E+01
 r/a            s_alpha        s_alpha_i      s_alpha_e      frac_ai        frac_ae        E_alpha/E_c
                (MW/cm^3)      (MW/cm^3)      (MW/cm^3)                                    
 0.000000E+00   0.000000E+00   0.000000E+00   0.000000E+00   3.333322E-01   6.666678E-01   4.501197E+00
 7.172317E-02   0.000000E+00   0.000000E+00   0.000000E+00   3.242580E-01   6.757420E-01   4.676599E+00
 1.546762E-01   0.000000E+00   0.000000E+00   0.000000E+00   3.037312E-01   6.962688E-01   5.113263E+00
 2.394601E-01   0.000000E+00   0.000000E+00   0.000000E+00   2.784392E-01   7.215608E-01   5.742606E+00
 3.293615E-01   0.000000E+00   0.000000E+00   0.000000E+00   2.478827E-01   7.521173E-01   6.679610E+00
 4.177440E-01   0.000000E+00   0.000000E+00   0.000000E+00   2.194291E-01   7.805709E-01   7.794052E+00
 5.034534E-01   0.000000E+00   0.000000E+00   0.000000E+00   1.943983E-01   8.056017E-01   9.052368E+00
 5.859717E-01   0.000000E+00   0.000000E+00   0.000000E+00   1.722398E-01   8.277602E-01   1.048053E+01
 6.647364E-01   0.000000E+00   0.000000E+00   0.000000E+00   1.515983E-01   8.484017E-01   1.219736E+01
 7.395448E-01   0.000000E+00   0.000000E+00   0.000000E+00   1.324423E-01   8.675577E-01   1.428279E+01
 8.099200E-01   0.000000E+00   0.000000E+00   0.000000E+00   1.145811E-01   8.854189E-01   1.687235E+01
 8.751982E-01   0.000000E+00   0.000000E+00   0.000000E+00   9.799369E-02   9.020063E-01   2.014439E+01
 9.348651E-01   0.000000E+00   0.000000E+00   0.000000E+00   7.904220E-02   9.209578E-01   2.560556E+01
 r/a            s_alpha        s_alpha_i      s_alpha_e      frac_ai        frac_ae        E_alpha/E_c
                (MW/cm^3)      (MW/cm^3)      (MW/cm^3)                                    
 0.000000E+00   0.000000E+00   0.000000E+00   0.000000E+00   3.373072E-01   6.626928E-01   4.427423E+00
 7.172317E-02   0.000000E+00   0.000000E+00   0.000000E+00   3.287839E-01   6.712161E-01   4.587867E+00
 1.546762E-01   0.000000E+00   0.000000E+00   0.000000E+00   3.105425E-01   6.894575E-01   4.961778E+00
 2.394601E-01   0.000000E+00   0.000000E+00   0.000000E+00   2.819363E-01   7.180637E-01   5.648666E+00
 3.293615E-01   0.000000E+00   0.000000E+00   0.000000E+00   2.472071E-01   7.527929E-01   6.703020E+00
 4.177440E-01   0.000000E+00   0.000000E+00   0.000000E+00   2.193725E-01   7.806275E-01   7.796566E+00
 5.034534E-01   0.000000E+00   0.000000E+00   0.000000E+00   1.943393E-01   8.056607E-01   9.055728E+00
 5.859717E-01   0.000000E+00   0.000000E+00   0.000000E+00   1.721577E-01   8.278423E-01   1.048653E+01
 6.647364E-01   0.000000E+00   0.000000E+00   0.000000E+00   1.515241E-01   8.484759E-01   1.220440E+01
 7.395448E-01   0.000000E+00   0.000000E+00   0.000000E+00   1.323703E-01   8.676297E-01   1.429180E+01
 8.099200E-01   0.000000E+00   0.000000E+00   0.000000E+00   1.145204E-01   8.854796E-01   1.688257E+01
 8.751982E-01   0.000000E+00   0.000000E+00   0.000000E+00   9.799259E-02   9.020074E-01   2.014465E+01
 9.348651E-01   0.000000E+00   0.000000E+00   0.000000E+00   7.904220E-02   9.209578E-01   2.560556E+01
 r/a            s_alpha        s_alpha_i      s_alpha_e      frac_ai        frac_ae        E_alpha/E_c
                (MW/cm^3)      (MW/cm^3)      (MW/cm^3)                                    
 0.000000E+00   0.000000E+00   0.000000E+00   0.000000E+00   3.399729E-01   6.600271E-01   4.378944E+00
 7.172317E-02   0.000000E+00   0.000000E+00   0.000000E+00   3.319200E-01   6.680800E-01   4.527844E+00
 1.546762E-01   0.000000E+00   0.000000E+00   0.000000E+00   3.117022E-01   6.882978E-01   4.936664E+00
 2.394601E-01   0.000000E+00   0.000000E+00   0.000000E+00   2.813021E-01   7.186979E-01   5.665522E+00
 3.293615E-01   0.000000E+00   0.000000E+00   0.000000E+00   2.471960E-01   7.528040E-01   6.703404E+00
 4.177440E-01   0.000000E+00   0.000000E+00   0.000000E+00   2.193636E-01   7.806364E-01   7.796961E+00
 5.034534E-01   0.000000E+00   0.000000E+00   0.000000E+00   1.943334E-01   8.056666E-01   9.056064E+00
 5.859717E-01   0.000000E+00   0.000000E+00   0.000000E+00   1.721508E-01   8.278492E-01   1.048703E+01
 6.647364E-01   0.000000E+00   0.000000E+00   0.000000E+00   1.515172E-01   8.484828E-01   1.220506E+01
 7.395448E-01   0.000000E+00   0.000000E+00   0.000000E+00   1.323649E-01   8.676351E-01   1.429247E+01
 8.099200E-01   0.000000E+00   0.000000E+00   0.000000E+00   1.145161E-01   8.854839E-01   1.688329E+01
 8.751982E-01   0.000000E+00   0.000000E+00   0.000000E+00   9.798834E-02   9.020117E-01   2.014563E+01
 9.348651E-01   0.000000E+00   0.000000E+00   0.000000E+00   7.904220E-02   9.209578E-01   2.560556E+01
 r/a            s_alpha        s_alpha_i      s_alpha_e      frac_ai        frac_ae        E_alpha/E_c
                (MW/cm^3)      (MW/cm^3)      (MW/cm^3)                                    
 0.000000E+00   0.000000E+00   0.000000E+00   0.000000E+00   3.361941E-01   6.638059E-01   4.447899E+00
 7.172317E-02   0.000000E+00   0.000000E+00   0.000000E+00   3.265068E-01   6.734932E-01   4.632193E+00
 1.546762E-01   0.000000E+00   0.000000E+00   0.000000E+00   3.051226E-01   6.948774E-01   5.081753E+00
 2.394601E-01   0.000000E+00   0.000000E+00   0.000000E+00   2.787706E-01   7.212294E-01   5.733600E+00
 3.293615E-01   0.000000E+00   0.000000E+00   0.000000E+00   2.476687E-01   7.523313E-01   6.687012E+00
 4.177440E-01   0.000000E+00   0.000000E+00   0.000000E+00   2.195240E-01   7.804760E-01   7.789842E+00
 5.034534E-01   0.000000E+00   0.000000E+00   0.000000E+00   1.944227E-01   8.055773E-01   9.050980E+00
 5.859717E-01   0.000000E+00   0.000000E+00   0.000000E+00   1.722009E-01   8.277991E-01   1.048337E+01
 6.647364E-01   0.000000E+00   0.000000E+00   0.000000E+00   1.515479E-01   8.484521E-01   1.220214E+01
 7.395448E-01   0.000000E+00   0.000000E+00   0.000000E+00   1.323835E-01   8.676165E-01   1.429014E+01
 8.099200E-01   0.000000E+00   0.000000E+00   0.000000E+00   1.145217E-01   8.854783E-01   1.688234E+01
 8.751982E-01   0.000000E+00   0.000000E+00   0.000000E+00   9.798270E-02   9.020173E-01   2.014694E+01
 9.348651E-01   0.000000E+00   0.000000E+00   0.000000E+00   7.904220E-02   9.209578E-01   2.560556E+01
 r/a            s_alpha        s_alpha_i      s_alpha_e      frac_ai        frac_ae        E_alpha/E_c
                (MW/cm^3)      (MW/cm^3)      (MW/cm^3)                                    
 0.000000E+00   0.000000E+00   0.000000E+00   0.000000E+00   3.395303E-01   6.604697E-01   4.386938E+00
 7.172317E-02   0.000000E+00   0.000000E+00   0.000000E+00   3.297568E-01   6.702432E-01   4.569120E+00
 1.546762E-01   0.000000E+00   0.000000E+00   0.000000E+00   3.093925E-01   6.906075E-01   4.986872E+00
 2.394601E-01   0.000000E+00   0.000000E+00   0.000000E+00   2.811224E-01   7.188776E-01   5.670313E+00
 3.293615E-01   0.000000E+00   0.000000E+00   0.000000E+00   2.474278E-01   7.525722E-01   6.695358E+00
 4.177440E-01   0.000000E+00   0.000000E+00   0.000000E+00   2.195760E-01   7.804240E-01   7.787536E+00
 5.034534E-01   0.000000E+00   0.000000E+00   0.000000E+00   1.944664E-01   8.055336E-01   9.048496E+00
 5.859717E-01   0.000000E+00   0.000000E+00   0.000000E+00   1.722202E-01   8.277798E-01   1.048196E+01
 6.647364E-01   0.000000E+00   0.000000E+00   0.000000E+00   1.515495E-01   8.484505E-01   1.220199E+01
 7.395448E-01   0.000000E+00   0.000000E+00   0.000000E+00   1.323828E-01   8.676172E-01   1.429023E+01
 8.099200E-01   0.000000E+00   0.000000E+00   0.000000E+00   1.145190E-01   8.854810E-01   1.688279E+01
 8.751982E-01   0.000000E+00   0.000000E+00   0.000000E+00   9.797872E-02   9.020213E-01   2.014786E+01
 9.348651E-01   0.000000E+00   0.000000E+00   0.000000E+00   7.904220E-02   9.209578E-01   2.560556E+01
 r/a            s_alpha        s_alpha_i      s_alpha_e      frac_ai        frac_ae        E_alpha/E_c
                (MW/cm^3)      (MW/cm^3)      (MW/cm^3)                                    
 0.000000E+00   0.000000E+00   0.000000E+00   0.000000E+00   3.395303E-01   6.604697E-01   4.386938E+00
 7.172317E-02   0.000000E+00   0.000000E+00   0.000000E+00   3.297568E-01   6.702432E-01   4.569120E+00
 1.546762E-01   0.000000E+00   0.000000E+00   0.000000E+00   3.093925E-01   6.906075E-01   4.986872E+00
 2.394601E-01   0.000000E+00   0.000000E+00   0.000000E+00   2.811224E-01   7.188776E-01   5.670313E+00
 3.293615E-01   0.000000E+00   0.000000E+00   0.000000E+00   2.474278E-01   7.525722E-01   6.695358E+00
 4.177440E-01   0.000000E+00   0.000000E+00   0.000000E+00   2.195760E-01   7.804240E-01   7.787536E+00
 5.034534E-01   0.000000E+00   0.000000E+00   0.000000E+00   1.944664E-01   8.055336E-01   9.048496E+00
 5.859717E-01   0.000000E+00   0.000000E+00   0.000000E+00   1.722202E-01   8.277798E-01   1.048196E+01
 6.647364E-01   0.000000E+00   0.000000E+00   0.000000E+00   1.515495E-01   8.484505E-01   1.220199E+01
 7.395448E-01   0.000000E+00   0.000000E+00   0.000000E+00   1.323828E-01   8.676172E-01   1.429023E+01
 8.099200E-01   0.000000E+00   0.000000E+00   0.000000E+00   1.145190E-01   8.854810E-01   1.688279E+01
 8.751982E-01   0.000000E+00   0.000000E+00   0.000000E+00   9.797872E-02   9.020213E-01   2.014786E+01
 9.348651E-01   0.000000E+00   0.000000E+00   0.000000E+00   7.904220E-02   9.209578E-01   2.560556E+01
 r/a            s_alpha        s_alpha_i      s_alpha_e      frac_ai        frac_ae        E_alpha/E_c
                (MW/cm^3)      (MW/cm^3)      (MW/cm^3)                                    
 0.000000E+00   0.000000E+00   0.000000E+00   0.000000E+00   3.395303E-01   6.604697E-01   4.386938E+00
 7.172317E-02   0.000000E+00   0.000000E+00   0.000000E+00   3.297568E-01   6.702432E-01   4.569120E+00
 1.546762E-01   0.000000E+00   0.000000E+00   0.000000E+00   3.093925E-01   6.906075E-01   4.986872E+00
 2.394601E-01   0.000000E+00   0.000000E+00   0.000000E+00   2.811224E-01   7.188776E-01   5.670313E+00
 3.293615E-01   0.000000E+00   0.000000E+00   0.000000E+00   2.474278E-01   7.525722E-01   6.695358E+00
 4.177440E-01   0.000000E+00   0.000000E+00   0.000000E+00   2.195760E-01   7.804240E-01   7.787536E+00
 5.034534E-01   0.000000E+00   0.000000E+00   0.000000E+00   1.944664E-01   8.055336E-01   9.048496E+00
 5.859717E-01   0.000000E+00   0.000000E+00   0.000000E+00   1.722202E-01   8.277798E-01   1.048196E+01
 6.647364E-01   0.000000E+00   0.000000E+00   0.000000E+00   1.515495E-01   8.484505E-01   1.220199E+01
 7.395448E-01   0.000000E+00   0.000000E+00   0.000000E+00   1.323828E-01   8.676172E-01   1.429023E+01
 8.099200E-01   0.000000E+00   0.000000E+00   0.000000E+00   1.145190E-01   8.854810E-01   1.688279E+01
 8.751982E-01   0.000000E+00   0.000000E+00   0.000000E+00   9.797872E-02   9.020213E-01   2.014786E+01
 9.348651E-01   0.000000E+00   0.000000E+00   0.000000E+00   7.904220E-02   9.209578E-01   2.560556E+01
 r/a            s_alpha        s_alpha_i      s_alpha_e      frac_ai        frac_ae        E_alpha/E_c
                (MW/cm^3)      (MW/cm^3)      (MW/cm^3)                                    
 0.000000E+00   0.000000E+00   0.000000E+00   0.000000E+00   3.391899E-01   6.608101E-01   4.393102E+00
 7.172317E-02   0.000000E+00   0.000000E+00   0.000000E+00   3.294355E-01   6.705645E-01   4.575299E+00
 1.546762E-01   0.000000E+00   0.000000E+00   0.000000E+00   3.091772E-01   6.908228E-01   4.991592E+00
 2.394601E-01   0.000000E+00   0.000000E+00   0.000000E+00   2.810908E-01   7.189092E-01   5.671157E+00
 3.293615E-01   0.000000E+00   0.000000E+00   0.000000E+00   2.474781E-01   7.525219E-01   6.693613E+00
 4.177440E-01   0.000000E+00   0.000000E+00   0.000000E+00   2.196049E-01   7.803951E-01   7.786254E+00
 5.034534E-01   0.000000E+00   0.000000E+00   0.000000E+00   1.944848E-01   8.055152E-01   9.047448E+00
 5.859717E-01   0.000000E+00   0.000000E+00   0.000000E+00   1.722331E-01   8.277669E-01   1.048102E+01
 6.647364E-01   0.000000E+00   0.000000E+00   0.000000E+00   1.515582E-01   8.484418E-01   1.220117E+01
 7.395448E-01   0.000000E+00   0.000000E+00   0.000000E+00   1.323883E-01   8.676117E-01   1.428954E+01
 8.099200E-01   0.000000E+00   0.000000E+00   0.000000E+00   1.145219E-01   8.854781E-01   1.688232E+01
 8.751982E-01   0.000000E+00   0.000000E+00   0.000000E+00   9.797988E-02   9.020201E-01   2.014759E+01
 9.348651E-01   0.000000E+00   0.000000E+00   0.000000E+00   7.904220E-02   9.209578E-01   2.560556E+01
 r/a            s_alpha        s_alpha_i      s_alpha_e      frac_ai        frac_ae        E_alpha/E_c
                (MW/cm^3)      (MW/cm^3)      (MW/cm^3)                                    
 0.000000E+00   0.000000E+00   0.000000E+00   0.000000E+00   3.391899E-01   6.608101E-01   4.393102E+00
 7.172317E-02   0.000000E+00   0.000000E+00   0.000000E+00   3.294355E-01   6.705645E-01   4.575299E+00
 1.546762E-01   0.000000E+00   0.000000E+00   0.000000E+00   3.091772E-01   6.908228E-01   4.991592E+00
 2.394601E-01   0.000000E+00   0.000000E+00   0.000000E+00   2.810908E-01   7.189092E-01   5.671157E+00
 3.293615E-01   0.000000E+00   0.000000E+00   0.000000E+00   2.474781E-01   7.525219E-01   6.693613E+00
 4.177440E-01   0.000000E+00   0.000000E+00   0.000000E+00   2.196049E-01   7.803951E-01   7.786254E+00
 5.034534E-01   0.000000E+00   0.000000E+00   0.000000E+00   1.944848E-01   8.055152E-01   9.047448E+00
 5.859717E-01   0.000000E+00   0.000000E+00   0.000000E+00   1.722331E-01   8.277669E-01   1.048102E+01
 6.647364E-01   0.000000E+00   0.000000E+00   0.000000E+00   1.515582E-01   8.484418E-01   1.220117E+01
 7.395448E-01   0.000000E+00   0.000000E+00   0.000000E+00   1.323883E-01   8.676117E-01   1.428954E+01
 8.099200E-01   0.000000E+00   0.000000E+00   0.000000E+00   1.145219E-01   8.854781E-01   1.688232E+01
 8.751982E-01   0.000000E+00   0.000000E+00   0.000000E+00   9.797988E-02   9.020201E-01   2.014759E+01
 9.348651E-01   0.000000E+00   0.000000E+00   0.000000E+00   7.904220E-02   9.209578E-01   2.560556E+01
 r/a            s_alpha        s_alpha_i      s_alpha_e      frac_ai        frac_ae        E_alpha/E_c
                (MW/cm^3)      (MW/cm^3)      (MW/cm^3)                                    
 0.000000E+00   0.000000E+00   0.000000E+00   0.000000E+00   3.391899E-01   6.608101E-01   4.393102E+00
 7.172317E-02   0.000000E+00   0.000000E+00   0.000000E+00   3.294355E-01   6.705645E-01   4.575299E+00
 1.546762E-01   0.000000E+00   0.000000E+00   0.000000E+00   3.091772E-01   6.908228E-01   4.991592E+00
 2.394601E-01   0.000000E+00   0.000000E+00   0.000000E+00   2.810908E-01   7.189092E-01   5.671157E+00
 3.293615E-01   0.000000E+00   0.000000E+00   0.000000E+00   2.474781E-01   7.525219E-01   6.693613E+00
 4.177440E-01   0.000000E+00   0.000000E+00   0.000000E+00   2.196049E-01   7.803951E-01   7.786254E+00
 5.034534E-01   0.000000E+00   0.000000E+00   0.000000E+00   1.944848E-01   8.055152E-01   9.047448E+00
 5.859717E-01   0.000000E+00   0.000000E+00   0.000000E+00   1.722331E-01   8.277669E-01   1.048102E+01
 6.647364E-01   0.000000E+00   0.000000E+00   0.000000E+00   1.515582E-01   8.484418E-01   1.220117E+01
 7.395448E-01   0.000000E+00   0.000000E+00   0.000000E+00   1.323883E-01   8.676117E-01   1.428954E+01
 8.099200E-01   0.000000E+00   0.000000E+00   0.000000E+00   1.145219E-01   8.854781E-01   1.688232E+01
 8.751982E-01   0.000000E+00   0.000000E+00   0.000000E+00   9.797988E-02   9.020201E-01   2.014759E+01
 9.348651E-01   0.000000E+00   0.000000E+00   0.000000E+00   7.904220E-02   9.209578E-01   2.560556E+01
 r/a            s_alpha        s_alpha_i      s_alpha_e      frac_ai        frac_ae        E_alpha/E_c
                (MW/cm^3)      (MW/cm^3)      (MW/cm^3)                                    
 0.000000E+00   0.000000E+00   0.000000E+00   0.000000E+00   3.391899E-01   6.608101E-01   4.393102E+00
 7.172317E-02   0.000000E+00   0.000000E+00   0.000000E+00   3.294355E-01   6.705645E-01   4.575299E+00
 1.546762E-01   0.000000E+00   0.000000E+00   0.000000E+00   3.091772E-01   6.908228E-01   4.991592E+00
 2.394601E-01   0.000000E+00   0.000000E+00   0.000000E+00   2.810908E-01   7.189092E-01   5.671157E+00
 3.293615E-01   0.000000E+00   0.000000E+00   0.000000E+00   2.474781E-01   7.525219E-01   6.693613E+00
 4.177440E-01   0.000000E+00   0.000000E+00   0.000000E+00   2.196049E-01   7.803951E-01   7.786254E+00
 5.034534E-01   0.000000E+00   0.000000E+00   0.000000E+00   1.944848E-01   8.055152E-01   9.047448E+00
 5.859717E-01   0.000000E+00   0.000000E+00   0.000000E+00   1.722331E-01   8.277669E-01   1.048102E+01
 6.647364E-01   0.000000E+00   0.000000E+00   0.000000E+00   1.515582E-01   8.484418E-01   1.220117E+01
 7.395448E-01   0.000000E+00   0.000000E+00   0.000000E+00   1.323883E-01   8.676117E-01   1.428954E+01
 8.099200E-01   0.000000E+00   0.000000E+00   0.000000E+00   1.145219E-01   8.854781E-01   1.688232E+01
 8.751982E-01   0.000000E+00   0.000000E+00   0.000000E+00   9.797988E-02   9.020201E-01   2.014759E+01
 9.348651E-01   0.000000E+00   0.000000E+00   0.000000E+00   7.904220E-02   9.209578E-01   2.560556E+01
 r/a            s_alpha        s_alpha_i      s_alpha_e      frac_ai        frac_ae        E_alpha/E_c
                (MW/cm^3)      (MW/cm^3)      (MW/cm^3)                                    
 0.000000E+00   0.000000E+00   0.000000E+00   0.000000E+00   3.391899E-01   6.608101E-01   4.393102E+00
 7.172317E-02   0.000000E+00   0.000000E+00   0.000000E+00   3.294355E-01   6.705645E-01   4.575299E+00
 1.546762E-01   0.000000E+00   0.000000E+00   0.000000E+00   3.091772E-01   6.908228E-01   4.991592E+00
 2.394601E-01   0.000000E+00   0.000000E+00   0.000000E+00   2.810908E-01   7.189092E-01   5.671157E+00
 3.293615E-01   0.000000E+00   0.000000E+00   0.000000E+00   2.474781E-01   7.525219E-01   6.693613E+00
 4.177440E-01   0.000000E+00   0.000000E+00   0.000000E+00   2.196049E-01   7.803951E-01   7.786254E+00
 5.034534E-01   0.000000E+00   0.000000E+00   0.000000E+00   1.944848E-01   8.055152E-01   9.047448E+00
 5.859717E-01   0.000000E+00   0.000000E+00   0.000000E+00   1.722331E-01   8.277669E-01   1.048102E+01
 6.647364E-01   0.000000E+00   0.000000E+00   0.000000E+00   1.515582E-01   8.484418E-01   1.220117E+01
 7.395448E-01   0.000000E+00   0.000000E+00   0.000000E+00   1.323883E-01   8.676117E-01   1.428954E+01
 8.099200E-01   0.000000E+00   0.000000E+00   0.000000E+00   1.145219E-01   8.854781E-01   1.688232E+01
 8.751982E-01   0.000000E+00   0.000000E+00   0.000000E+00   9.797988E-02   9.020201E-01   2.014759E+01
 9.348651E-01   0.000000E+00   0.000000E+00   0.000000E+00   7.904220E-02   9.209578E-01   2.560556E+01
 r/a            s_alpha        s_alpha_i      s_alpha_e      frac_ai        frac_ae        E_alpha/E_c
                (MW/cm^3)      (MW/cm^3)      (MW/cm^3)                                    
 0.000000E+00   0.000000E+00   0.000000E+00   0.000000E+00   3.391899E-01   6.608101E-01   4.393102E+00
 7.172317E-02   0.000000E+00   0.000000E+00   0.000000E+00   3.294355E-01   6.705645E-01   4.575299E+00
 1.546762E-01   0.000000E+00   0.000000E+00   0.000000E+00   3.091772E-01   6.908228E-01   4.991592E+00
 2.394601E-01   0.000000E+00   0.000000E+00   0.000000E+00   2.810908E-01   7.189092E-01   5.671157E+00
 3.293615E-01   0.000000E+00   0.000000E+00   0.000000E+00   2.474781E-01   7.525219E-01   6.693613E+00
 4.177440E-01   0.000000E+00   0.000000E+00   0.000000E+00   2.196049E-01   7.803951E-01   7.786254E+00
 5.034534E-01   0.000000E+00   0.000000E+00   0.000000E+00   1.944848E-01   8.055152E-01   9.047448E+00
 5.859717E-01   0.000000E+00   0.000000E+00   0.000000E+00   1.722331E-01   8.277669E-01   1.048102E+01
 6.647364E-01   0.000000E+00   0.000000E+00   0.000000E+00   1.515582E-01   8.484418E-01   1.220117E+01
 7.395448E-01   0.000000E+00   0.000000E+00   0.000000E+00   1.323883E-01   8.676117E-01   1.428954E+01
 8.099200E-01   0.000000E+00   0.000000E+00   0.000000E+00   1.145219E-01   8.854781E-01   1.688232E+01
 8.751982E-01   0.000000E+00   0.000000E+00   0.000000E+00   9.797988E-02   9.020201E-01   2.014759E+01
 9.348651E-01   0.000000E+00   0.000000E+00   0.000000E+00   7.904220E-02   9.209578E-01   2.560556E+01
 r/a            s_alpha        s_alpha_i      s_alpha_e      frac_ai        frac_ae        E_alpha/E_c
                (MW/cm^3)      (MW/cm^3)      (MW/cm^3)                                    
 0.000000E+00   0.000000E+00   0.000000E+00   0.000000E+00   3.391899E-01   6.608101E-01   4.393102E+00
 7.172317E-02   0.000000E+00   0.000000E+00   0.000000E+00   3.294355E-01   6.705645E-01   4.575299E+00
 1.546762E-01   0.000000E+00   0.000000E+00   0.000000E+00   3.091772E-01   6.908228E-01   4.991592E+00
 2.394601E-01   0.000000E+00   0.000000E+00   0.000000E+00   2.810908E-01   7.189092E-01   5.671157E+00
 3.293615E-01   0.000000E+00   0.000000E+00   0.000000E+00   2.474781E-01   7.525219E-01   6.693613E+00
 4.177440E-01   0.000000E+00   0.000000E+00   0.000000E+00   2.196049E-01   7.803951E-01   7.786254E+00
 5.034534E-01   0.000000E+00   0.000000E+00   0.000000E+00   1.944848E-01   8.055152E-01   9.047448E+00
 5.859717E-01   0.000000E+00   0.000000E+00   0.000000E+00   1.722331E-01   8.277669E-01   1.048102E+01
 6.647364E-01   0.000000E+00   0.000000E+00   0.000000E+00   1.515582E-01   8.484418E-01   1.220117E+01
 7.395448E-01   0.000000E+00   0.000000E+00   0.000000E+00   1.323883E-01   8.676117E-01   1.428954E+01
 8.099200E-01   0.000000E+00   0.000000E+00   0.000000E+00   1.145219E-01   8.854781E-01   1.688232E+01
 8.751982E-01   0.000000E+00   0.000000E+00   0.000000E+00   9.797988E-02   9.020201E-01   2.014759E+01
 9.348651E-01   0.000000E+00   0.000000E+00   0.000000E+00   7.904220E-02   9.209578E-01   2.560556E+01
 r/a            s_alpha        s_alpha_i      s_alpha_e      frac_ai        frac_ae        E_alpha/E_c
                (MW/cm^3)      (MW/cm^3)      (MW/cm^3)                                    
 0.000000E+00   0.000000E+00   0.000000E+00   0.000000E+00   3.391899E-01   6.608101E-01   4.393102E+00
 7.172317E-02   0.000000E+00   0.000000E+00   0.000000E+00   3.294355E-01   6.705645E-01   4.575299E+00
 1.546762E-01   0.000000E+00   0.000000E+00   0.000000E+00   3.091772E-01   6.908228E-01   4.991592E+00
 2.394601E-01   0.000000E+00   0.000000E+00   0.000000E+00   2.810908E-01   7.189092E-01   5.671157E+00
 3.293615E-01   0.000000E+00   0.000000E+00   0.000000E+00   2.474781E-01   7.525219E-01   6.693613E+00
 4.177440E-01   0.000000E+00   0.000000E+00   0.000000E+00   2.196049E-01   7.803951E-01   7.786254E+00
 5.034534E-01   0.000000E+00   0.000000E+00   0.000000E+00   1.944848E-01   8.055152E-01   9.047448E+00
 5.859717E-01   0.000000E+00   0.000000E+00   0.000000E+00   1.722331E-01   8.277669E-01   1.048102E+01
 6.647364E-01   0.000000E+00   0.000000E+00   0.000000E+00   1.515582E-01   8.484418E-01   1.220117E+01
 7.395448E-01   0.000000E+00   0.000000E+00   0.000000E+00   1.323883E-01   8.676117E-01   1.428954E+01
 8.099200E-01   0.000000E+00   0.000000E+00   0.000000E+00   1.145219E-01   8.854781E-01   1.688232E+01
 8.751982E-01   0.000000E+00   0.000000E+00   0.000000E+00   9.797988E-02   9.020201E-01   2.014759E+01
 9.348651E-01   0.000000E+00   0.000000E+00   0.000000E+00   7.904220E-02   9.209578E-01   2.560556E+01
 r/a            s_alpha        s_alpha_i      s_alpha_e      frac_ai        frac_ae        E_alpha/E_c
                (MW/cm^3)      (MW/cm^3)      (MW/cm^3)                                    
 0.000000E+00   0.000000E+00   0.000000E+00   0.000000E+00   3.391899E-01   6.608101E-01   4.393102E+00
 7.172317E-02   0.000000E+00   0.000000E+00   0.000000E+00   3.294355E-01   6.705645E-01   4.575299E+00
 1.546762E-01   0.000000E+00   0.000000E+00   0.000000E+00   3.091772E-01   6.908228E-01   4.991592E+00
 2.394601E-01   0.000000E+00   0.000000E+00   0.000000E+00   2.810908E-01   7.189092E-01   5.671157E+00
 3.293615E-01   0.000000E+00   0.000000E+00   0.000000E+00   2.474781E-01   7.525219E-01   6.693613E+00
 4.177440E-01   0.000000E+00   0.000000E+00   0.000000E+00   2.196049E-01   7.803951E-01   7.786254E+00
 5.034534E-01   0.000000E+00   0.000000E+00   0.000000E+00   1.944848E-01   8.055152E-01   9.047448E+00
 5.859717E-01   0.000000E+00   0.000000E+00   0.000000E+00   1.722331E-01   8.277669E-01   1.048102E+01
 6.647364E-01   0.000000E+00   0.000000E+00   0.000000E+00   1.515582E-01   8.484418E-01   1.220117E+01
 7.395448E-01   0.000000E+00   0.000000E+00   0.000000E+00   1.323883E-01   8.676117E-01   1.428954E+01
 8.099200E-01   0.000000E+00   0.000000E+00   0.000000E+00   1.145219E-01   8.854781E-01   1.688232E+01
 8.751982E-01   0.000000E+00   0.000000E+00   0.000000E+00   9.797988E-02   9.020201E-01   2.014759E+01
 9.348651E-01   0.000000E+00   0.000000E+00   0.000000E+00   7.904220E-02   9.209578E-01   2.560556E+01
 r/a            s_alpha        s_alpha_i      s_alpha_e      frac_ai        frac_ae        E_alpha/E_c
                (MW/cm^3)      (MW/cm^3)      (MW/cm^3)                                    
 0.000000E+00   0.000000E+00   0.000000E+00   0.000000E+00   3.391899E-01   6.608101E-01   4.393102E+00
 7.172317E-02   0.000000E+00   0.000000E+00   0.000000E+00   3.294355E-01   6.705645E-01   4.575299E+00
 1.546762E-01   0.000000E+00   0.000000E+00   0.000000E+00   3.091772E-01   6.908228E-01   4.991592E+00
 2.394601E-01   0.000000E+00   0.000000E+00   0.000000E+00   2.810908E-01   7.189092E-01   5.671157E+00
 3.293615E-01   0.000000E+00   0.000000E+00   0.000000E+00   2.474781E-01   7.525219E-01   6.693613E+00
 4.177440E-01   0.000000E+00   0.000000E+00   0.000000E+00   2.196049E-01   7.803951E-01   7.786254E+00
 5.034534E-01   0.000000E+00   0.000000E+00   0.000000E+00   1.944848E-01   8.055152E-01   9.047448E+00
 5.859717E-01   0.000000E+00   0.000000E+00   0.000000E+00   1.722331E-01   8.277669E-01   1.048102E+01
 6.647364E-01   0.000000E+00   0.000000E+00   0.000000E+00   1.515582E-01   8.484418E-01   1.220117E+01
 7.395448E-01   0.000000E+00   0.000000E+00   0.000000E+00   1.323883E-01   8.676117E-01   1.428954E+01
 8.099200E-01   0.000000E+00   0.000000E+00   0.000000E+00   1.145219E-01   8.854781E-01   1.688232E+01
 8.751982E-01   0.000000E+00   0.000000E+00   0.000000E+00   9.797988E-02   9.020201E-01   2.014759E+01
 9.348651E-01   0.000000E+00   0.000000E+00   0.000000E+00   7.904220E-02   9.209578E-01   2.560556E+01
