 r/a            s_alpha        s_alpha_i      s_alpha_e      frac_ai        frac_ae        E_alpha/E_c
                (MW/cm^3)      (MW/cm^3)      (MW/cm^3)                                    
 0.000000E+00   0.000000E+00   0.000000E+00   0.000000E+00   2.719440E-01   7.280560E-01   5.923678E+00
 7.849780E-02   0.000000E+00   0.000000E+00   0.000000E+00   2.698907E-01   7.301093E-01   5.982783E+00
 1.598984E-01   0.000000E+00   0.000000E+00   0.000000E+00   2.671531E-01   7.328469E-01   6.063040E+00
 2.452855E-01   0.000000E+00   0.000000E+00   0.000000E+00   2.570436E-01   7.429564E-01   6.374655E+00
 3.339042E-01   0.000000E+00   0.000000E+00   0.000000E+00   2.309531E-01   7.690469E-01   7.308699E+00
 4.211337E-01   0.000000E+00   0.000000E+00   0.000000E+00   2.040077E-01   7.959923E-01   8.531804E+00
 5.058343E-01   0.000000E+00   0.000000E+00   0.000000E+00   1.824897E-01   8.175103E-01   9.775680E+00
 5.874168E-01   0.000000E+00   0.000000E+00   0.000000E+00   1.626356E-01   8.373644E-01   1.122379E+01
 6.653242E-01   0.000000E+00   0.000000E+00   0.000000E+00   1.443390E-01   8.556610E-01   1.292097E+01
 7.394231E-01   0.000000E+00   0.000000E+00   0.000000E+00   1.270891E-01   8.729109E-01   1.498082E+01
 8.093208E-01   0.000000E+00   0.000000E+00   0.000000E+00   1.109362E-01   8.890638E-01   1.750571E+01
 8.744490E-01   0.000000E+00   0.000000E+00   0.000000E+00   9.379611E-02   9.062039E-01   2.116009E+01
 9.342626E-01   0.000000E+00   0.000000E+00   0.000000E+00   7.902933E-02   9.209707E-01   2.561018E+01
 r/a            s_alpha        s_alpha_i      s_alpha_e      frac_ai        frac_ae        E_alpha/E_c
                (MW/cm^3)      (MW/cm^3)      (MW/cm^3)                                    
 0.000000E+00   0.000000E+00   0.000000E+00   0.000000E+00   2.712480E-01   7.287520E-01   5.943609E+00
 7.849780E-02   0.000000E+00   0.000000E+00   0.000000E+00   2.693327E-01   7.306673E-01   5.999006E+00
 1.598984E-01   0.000000E+00   0.000000E+00   0.000000E+00   2.667794E-01   7.332206E-01   6.074128E+00
 2.452855E-01   0.000000E+00   0.000000E+00   0.000000E+00   2.567463E-01   7.432537E-01   6.384201E+00
 3.339042E-01   0.000000E+00   0.000000E+00   0.000000E+00   2.306941E-01   7.693059E-01   7.319062E+00
 4.211337E-01   0.000000E+00   0.000000E+00   0.000000E+00   2.037745E-01   7.962255E-01   8.543841E+00
 5.058343E-01   0.000000E+00   0.000000E+00   0.000000E+00   1.822768E-01   8.177232E-01   9.789493E+00
 5.874168E-01   0.000000E+00   0.000000E+00   0.000000E+00   1.624404E-01   8.375596E-01   1.123983E+01
 6.653242E-01   0.000000E+00   0.000000E+00   0.000000E+00   1.441676E-01   8.558324E-01   1.293896E+01
 7.394231E-01   0.000000E+00   0.000000E+00   0.000000E+00   1.269396E-01   8.730604E-01   1.500118E+01
 8.093208E-01   0.000000E+00   0.000000E+00   0.000000E+00   1.108076E-01   8.891924E-01   1.752884E+01
 8.744490E-01   0.000000E+00   0.000000E+00   0.000000E+00   9.369714E-02   9.063029E-01   2.118516E+01
 9.342626E-01   0.000000E+00   0.000000E+00   0.000000E+00   7.902933E-02   9.209707E-01   2.561018E+01
 r/a            s_alpha        s_alpha_i      s_alpha_e      frac_ai        frac_ae        E_alpha/E_c
                (MW/cm^3)      (MW/cm^3)      (MW/cm^3)                                    
 0.000000E+00   0.000000E+00   0.000000E+00   0.000000E+00   2.637718E-01   7.362282E-01   6.164534E+00
 7.849780E-02   0.000000E+00   0.000000E+00   0.000000E+00   2.639281E-01   7.360719E-01   6.159784E+00
 1.598984E-01   0.000000E+00   0.000000E+00   0.000000E+00   2.645930E-01   7.354070E-01   6.139639E+00
 2.452855E-01   0.000000E+00   0.000000E+00   0.000000E+00   2.563440E-01   7.436560E-01   6.397153E+00
 3.339042E-01   0.000000E+00   0.000000E+00   0.000000E+00   2.310314E-01   7.689686E-01   7.305572E+00
 4.211337E-01   0.000000E+00   0.000000E+00   0.000000E+00   2.043619E-01   7.956381E-01   8.513575E+00
 5.058343E-01   0.000000E+00   0.000000E+00   0.000000E+00   1.831966E-01   8.168034E-01   9.730048E+00
 5.874168E-01   0.000000E+00   0.000000E+00   0.000000E+00   1.634032E-01   8.365968E-01   1.116109E+01
 6.653242E-01   0.000000E+00   0.000000E+00   0.000000E+00   1.450817E-01   8.549183E-01   1.284353E+01
 7.394231E-01   0.000000E+00   0.000000E+00   0.000000E+00   1.279283E-01   8.720717E-01   1.486744E+01
 8.093208E-01   0.000000E+00   0.000000E+00   0.000000E+00   1.117450E-01   8.882550E-01   1.736153E+01
 8.744490E-01   0.000000E+00   0.000000E+00   0.000000E+00   9.464794E-02   9.053521E-01   2.094653E+01
 9.342626E-01   0.000000E+00   0.000000E+00   0.000000E+00   7.902933E-02   9.209707E-01   2.561018E+01
 r/a            s_alpha        s_alpha_i      s_alpha_e      frac_ai        frac_ae        E_alpha/E_c
                (MW/cm^3)      (MW/cm^3)      (MW/cm^3)                                    
 0.000000E+00   0.000000E+00   0.000000E+00   0.000000E+00   2.670301E-01   7.329699E-01   6.066687E+00
 7.849780E-02   0.000000E+00   0.000000E+00   0.000000E+00   2.660497E-01   7.339503E-01   6.095870E+00
 1.598984E-01   0.000000E+00   0.000000E+00   0.000000E+00   2.650766E-01   7.349234E-01   6.125054E+00
 2.452855E-01   0.000000E+00   0.000000E+00   0.000000E+00   2.564669E-01   7.435331E-01   6.393191E+00
 3.339042E-01   0.000000E+00   0.000000E+00   0.000000E+00   2.316459E-01   7.683541E-01   7.281100E+00
 4.211337E-01   0.000000E+00   0.000000E+00   0.000000E+00   2.052245E-01   7.947755E-01   8.469455E+00
 5.058343E-01   0.000000E+00   0.000000E+00   0.000000E+00   1.840982E-01   8.159018E-01   9.672370E+00
 5.874168E-01   0.000000E+00   0.000000E+00   0.000000E+00   1.643791E-01   8.356209E-01   1.108224E+01
 6.653242E-01   0.000000E+00   0.000000E+00   0.000000E+00   1.460364E-01   8.539636E-01   1.274517E+01
 7.394231E-01   0.000000E+00   0.000000E+00   0.000000E+00   1.288987E-01   8.711013E-01   1.473822E+01
 8.093208E-01   0.000000E+00   0.000000E+00   0.000000E+00   1.126768E-01   8.873232E-01   1.719804E+01
 8.744490E-01   0.000000E+00   0.000000E+00   0.000000E+00   9.570639E-02   9.042936E-01   2.068658E+01
 9.342626E-01   0.000000E+00   0.000000E+00   0.000000E+00   7.902933E-02   9.209707E-01   2.561018E+01
 r/a            s_alpha        s_alpha_i      s_alpha_e      frac_ai        frac_ae        E_alpha/E_c
                (MW/cm^3)      (MW/cm^3)      (MW/cm^3)                                    
 0.000000E+00   0.000000E+00   0.000000E+00   0.000000E+00   2.732003E-01   7.267997E-01   5.887964E+00
 7.849780E-02   0.000000E+00   0.000000E+00   0.000000E+00   2.707158E-01   7.292842E-01   5.958921E+00
 1.598984E-01   0.000000E+00   0.000000E+00   0.000000E+00   2.668703E-01   7.331297E-01   6.071427E+00
 2.452855E-01   0.000000E+00   0.000000E+00   0.000000E+00   2.557978E-01   7.442022E-01   6.414806E+00
 3.339042E-01   0.000000E+00   0.000000E+00   0.000000E+00   2.306931E-01   7.693069E-01   7.319103E+00
 4.211337E-01   0.000000E+00   0.000000E+00   0.000000E+00   2.047832E-01   7.952168E-01   8.491979E+00
 5.058343E-01   0.000000E+00   0.000000E+00   0.000000E+00   1.837341E-01   8.162659E-01   9.695593E+00
 5.874168E-01   0.000000E+00   0.000000E+00   0.000000E+00   1.642227E-01   8.357773E-01   1.109482E+01
 6.653242E-01   0.000000E+00   0.000000E+00   0.000000E+00   1.458932E-01   8.541068E-01   1.275985E+01
 7.394231E-01   0.000000E+00   0.000000E+00   0.000000E+00   1.287106E-01   8.712894E-01   1.476311E+01
 8.093208E-01   0.000000E+00   0.000000E+00   0.000000E+00   1.122414E-01   8.877586E-01   1.727408E+01
 8.744490E-01   0.000000E+00   0.000000E+00   0.000000E+00   9.614592E-02   9.038541E-01   2.058035E+01
 9.342626E-01   0.000000E+00   0.000000E+00   0.000000E+00   7.902933E-02   9.209707E-01   2.561018E+01
 r/a            s_alpha        s_alpha_i      s_alpha_e      frac_ai        frac_ae        E_alpha/E_c
                (MW/cm^3)      (MW/cm^3)      (MW/cm^3)                                    
 0.000000E+00   0.000000E+00   0.000000E+00   0.000000E+00   2.895999E-01   7.104001E-01   5.450955E+00
 7.849780E-02   0.000000E+00   0.000000E+00   0.000000E+00   2.829205E-01   7.170795E-01   5.622657E+00
 1.598984E-01   0.000000E+00   0.000000E+00   0.000000E+00   2.715543E-01   7.284457E-01   5.934824E+00
 2.452855E-01   0.000000E+00   0.000000E+00   0.000000E+00   2.530592E-01   7.469408E-01   6.504503E+00
 3.339042E-01   0.000000E+00   0.000000E+00   0.000000E+00   2.281320E-01   7.718680E-01   7.422862E+00
 4.211337E-01   0.000000E+00   0.000000E+00   0.000000E+00   2.055660E-01   7.944340E-01   8.452093E+00
 5.058343E-01   0.000000E+00   0.000000E+00   0.000000E+00   1.846568E-01   8.153432E-01   9.636926E+00
 5.874168E-01   0.000000E+00   0.000000E+00   0.000000E+00   1.655752E-01   8.344248E-01   1.098691E+01
 6.653242E-01   0.000000E+00   0.000000E+00   0.000000E+00   1.474420E-01   8.525580E-01   1.260273E+01
 7.394231E-01   0.000000E+00   0.000000E+00   0.000000E+00   1.304633E-01   8.695367E-01   1.453402E+01
 8.093208E-01   0.000000E+00   0.000000E+00   0.000000E+00   1.139041E-01   8.860959E-01   1.698687E+01
 8.744490E-01   0.000000E+00   0.000000E+00   0.000000E+00   9.741465E-02   9.025854E-01   2.027919E+01
 9.342626E-01   0.000000E+00   0.000000E+00   0.000000E+00   7.902933E-02   9.209707E-01   2.561018E+01
 r/a            s_alpha        s_alpha_i      s_alpha_e      frac_ai        frac_ae        E_alpha/E_c
                (MW/cm^3)      (MW/cm^3)      (MW/cm^3)                                    
 0.000000E+00   0.000000E+00   0.000000E+00   0.000000E+00   2.884772E-01   7.115228E-01   5.479244E+00
 7.849780E-02   0.000000E+00   0.000000E+00   0.000000E+00   2.791880E-01   7.208120E-01   5.722288E+00
 1.598984E-01   0.000000E+00   0.000000E+00   0.000000E+00   2.692599E-01   7.307401E-01   6.001128E+00
 2.452855E-01   0.000000E+00   0.000000E+00   0.000000E+00   2.547936E-01   7.452064E-01   6.447467E+00
 3.339042E-01   0.000000E+00   0.000000E+00   0.000000E+00   2.289110E-01   7.710890E-01   7.391050E+00
 4.211337E-01   0.000000E+00   0.000000E+00   0.000000E+00   2.055906E-01   7.944094E-01   8.450842E+00
 5.058343E-01   0.000000E+00   0.000000E+00   0.000000E+00   1.846303E-01   8.153697E-01   9.638603E+00
 5.874168E-01   0.000000E+00   0.000000E+00   0.000000E+00   1.655723E-01   8.344277E-01   1.098713E+01
 6.653242E-01   0.000000E+00   0.000000E+00   0.000000E+00   1.474765E-01   8.525235E-01   1.259927E+01
 7.394231E-01   0.000000E+00   0.000000E+00   0.000000E+00   1.304809E-01   8.695191E-01   1.453175E+01
 8.093208E-01   0.000000E+00   0.000000E+00   0.000000E+00   1.139100E-01   8.860900E-01   1.698585E+01
 8.744490E-01   0.000000E+00   0.000000E+00   0.000000E+00   9.743333E-02   9.025667E-01   2.027482E+01
 9.342626E-01   0.000000E+00   0.000000E+00   0.000000E+00   7.902933E-02   9.209707E-01   2.561018E+01
 r/a            s_alpha        s_alpha_i      s_alpha_e      frac_ai        frac_ae        E_alpha/E_c
                (MW/cm^3)      (MW/cm^3)      (MW/cm^3)                                    
 0.000000E+00   0.000000E+00   0.000000E+00   0.000000E+00   2.974694E-01   7.025306E-01   5.258828E+00
 7.849780E-02   0.000000E+00   0.000000E+00   0.000000E+00   2.889392E-01   7.110608E-01   5.467576E+00
 1.598984E-01   0.000000E+00   0.000000E+00   0.000000E+00   2.753801E-01   7.246199E-01   5.826792E+00
 2.452855E-01   0.000000E+00   0.000000E+00   0.000000E+00   2.556883E-01   7.443117E-01   6.418356E+00
 3.339042E-01   0.000000E+00   0.000000E+00   0.000000E+00   2.290235E-01   7.709765E-01   7.386472E+00
 4.211337E-01   0.000000E+00   0.000000E+00   0.000000E+00   2.055804E-01   7.944196E-01   8.451362E+00
 5.058343E-01   0.000000E+00   0.000000E+00   0.000000E+00   1.845674E-01   8.154326E-01   9.642580E+00
 5.874168E-01   0.000000E+00   0.000000E+00   0.000000E+00   1.655441E-01   8.344559E-01   1.098937E+01
 6.653242E-01   0.000000E+00   0.000000E+00   0.000000E+00   1.474862E-01   8.525138E-01   1.259830E+01
 7.394231E-01   0.000000E+00   0.000000E+00   0.000000E+00   1.304799E-01   8.695201E-01   1.453187E+01
 8.093208E-01   0.000000E+00   0.000000E+00   0.000000E+00   1.139001E-01   8.860999E-01   1.698755E+01
 8.744490E-01   0.000000E+00   0.000000E+00   0.000000E+00   9.745661E-02   9.025434E-01   2.026937E+01
 9.342626E-01   0.000000E+00   0.000000E+00   0.000000E+00   7.902933E-02   9.209707E-01   2.561018E+01
 r/a            s_alpha        s_alpha_i      s_alpha_e      frac_ai        frac_ae        E_alpha/E_c
                (MW/cm^3)      (MW/cm^3)      (MW/cm^3)                                    
 0.000000E+00   0.000000E+00   0.000000E+00   0.000000E+00   3.013690E-01   6.986310E-01   5.167445E+00
 7.849780E-02   0.000000E+00   0.000000E+00   0.000000E+00   2.938402E-01   7.061598E-01   5.346116E+00
 1.598984E-01   0.000000E+00   0.000000E+00   0.000000E+00   2.768627E-01   7.231373E-01   5.785752E+00
 2.452855E-01   0.000000E+00   0.000000E+00   0.000000E+00   2.540971E-01   7.459029E-01   6.470276E+00
 3.339042E-01   0.000000E+00   0.000000E+00   0.000000E+00   2.287960E-01   7.712040E-01   7.395729E+00
 4.211337E-01   0.000000E+00   0.000000E+00   0.000000E+00   2.053778E-01   7.946222E-01   8.461651E+00
 5.058343E-01   0.000000E+00   0.000000E+00   0.000000E+00   1.843752E-01   8.156248E-01   9.654766E+00
 5.874168E-01   0.000000E+00   0.000000E+00   0.000000E+00   1.654351E-01   8.345649E-01   1.099800E+01
 6.653242E-01   0.000000E+00   0.000000E+00   0.000000E+00   1.474227E-01   8.525773E-01   1.260467E+01
 7.394231E-01   0.000000E+00   0.000000E+00   0.000000E+00   1.304231E-01   8.695769E-01   1.453919E+01
 8.093208E-01   0.000000E+00   0.000000E+00   0.000000E+00   1.138586E-01   8.861414E-01   1.699461E+01
 8.744490E-01   0.000000E+00   0.000000E+00   0.000000E+00   9.747413E-02   9.025259E-01   2.026527E+01
 9.342626E-01   0.000000E+00   0.000000E+00   0.000000E+00   7.902933E-02   9.209707E-01   2.561018E+01
 r/a            s_alpha        s_alpha_i      s_alpha_e      frac_ai        frac_ae        E_alpha/E_c
                (MW/cm^3)      (MW/cm^3)      (MW/cm^3)                                    
 0.000000E+00   0.000000E+00   0.000000E+00   0.000000E+00   3.092056E-01   6.907944E-01   4.990968E+00
 7.849780E-02   0.000000E+00   0.000000E+00   0.000000E+00   3.023380E-01   6.976620E-01   5.145112E+00
 1.598984E-01   0.000000E+00   0.000000E+00   0.000000E+00   2.814538E-01   7.185462E-01   5.661483E+00
 2.452855E-01   0.000000E+00   0.000000E+00   0.000000E+00   2.540949E-01   7.459051E-01   6.470347E+00
 3.339042E-01   0.000000E+00   0.000000E+00   0.000000E+00   2.286677E-01   7.713323E-01   7.400960E+00
 4.211337E-01   0.000000E+00   0.000000E+00   0.000000E+00   2.052479E-01   7.947521E-01   8.468260E+00
 5.058343E-01   0.000000E+00   0.000000E+00   0.000000E+00   1.842884E-01   8.157116E-01   9.660274E+00
 5.874168E-01   0.000000E+00   0.000000E+00   0.000000E+00   1.653937E-01   8.346063E-01   1.100129E+01
 6.653242E-01   0.000000E+00   0.000000E+00   0.000000E+00   1.474056E-01   8.525944E-01   1.260638E+01
 7.394231E-01   0.000000E+00   0.000000E+00   0.000000E+00   1.304031E-01   8.695969E-01   1.454178E+01
 8.093208E-01   0.000000E+00   0.000000E+00   0.000000E+00   1.138421E-01   8.861579E-01   1.699742E+01
 8.744490E-01   0.000000E+00   0.000000E+00   0.000000E+00   9.748789E-02   9.025121E-01   2.026205E+01
 9.342626E-01   0.000000E+00   0.000000E+00   0.000000E+00   7.902933E-02   9.209707E-01   2.561018E+01
 r/a            s_alpha        s_alpha_i      s_alpha_e      frac_ai        frac_ae        E_alpha/E_c
                (MW/cm^3)      (MW/cm^3)      (MW/cm^3)                                    
 0.000000E+00   0.000000E+00   0.000000E+00   0.000000E+00   3.180501E-01   6.819499E-01   4.802540E+00
 7.849780E-02   0.000000E+00   0.000000E+00   0.000000E+00   3.104328E-01   6.895672E-01   4.964162E+00
 1.598984E-01   0.000000E+00   0.000000E+00   0.000000E+00   2.895446E-01   7.104554E-01   5.452343E+00
 2.452855E-01   0.000000E+00   0.000000E+00   0.000000E+00   2.583385E-01   7.416615E-01   6.333341E+00
 3.339042E-01   0.000000E+00   0.000000E+00   0.000000E+00   2.285158E-01   7.714842E-01   7.407161E+00
 4.211337E-01   0.000000E+00   0.000000E+00   0.000000E+00   2.050483E-01   7.949517E-01   8.478432E+00
 5.058343E-01   0.000000E+00   0.000000E+00   0.000000E+00   1.840963E-01   8.159037E-01   9.672490E+00
 5.874168E-01   0.000000E+00   0.000000E+00   0.000000E+00   1.652391E-01   8.347609E-01   1.101356E+01
 6.653242E-01   0.000000E+00   0.000000E+00   0.000000E+00   1.473501E-01   8.526499E-01   1.261196E+01
 7.394231E-01   0.000000E+00   0.000000E+00   0.000000E+00   1.304041E-01   8.695959E-01   1.454165E+01
 8.093208E-01   0.000000E+00   0.000000E+00   0.000000E+00   1.138389E-01   8.861611E-01   1.699796E+01
 8.744490E-01   0.000000E+00   0.000000E+00   0.000000E+00   9.749972E-02   9.025003E-01   2.025929E+01
 9.342626E-01   0.000000E+00   0.000000E+00   0.000000E+00   7.902933E-02   9.209707E-01   2.561018E+01
 r/a            s_alpha        s_alpha_i      s_alpha_e      frac_ai        frac_ae        E_alpha/E_c
                (MW/cm^3)      (MW/cm^3)      (MW/cm^3)                                    
 0.000000E+00   0.000000E+00   0.000000E+00   0.000000E+00   3.133640E-01   6.866360E-01   4.901010E+00
 7.849780E-02   0.000000E+00   0.000000E+00   0.000000E+00   3.036438E-01   6.963562E-01   5.115252E+00
 1.598984E-01   0.000000E+00   0.000000E+00   0.000000E+00   2.827811E-01   7.172189E-01   5.626331E+00
 2.452855E-01   0.000000E+00   0.000000E+00   0.000000E+00   2.564813E-01   7.435187E-01   6.392729E+00
 3.339042E-01   0.000000E+00   0.000000E+00   0.000000E+00   2.289659E-01   7.710341E-01   7.388815E+00
 4.211337E-01   0.000000E+00   0.000000E+00   0.000000E+00   2.051787E-01   7.948213E-01   8.471785E+00
 5.058343E-01   0.000000E+00   0.000000E+00   0.000000E+00   1.842017E-01   8.157983E-01   9.665786E+00
 5.874168E-01   0.000000E+00   0.000000E+00   0.000000E+00   1.653328E-01   8.346672E-01   1.100611E+01
 6.653242E-01   0.000000E+00   0.000000E+00   0.000000E+00   1.473909E-01   8.526091E-01   1.260786E+01
 7.394231E-01   0.000000E+00   0.000000E+00   0.000000E+00   1.303947E-01   8.696053E-01   1.454286E+01
 8.093208E-01   0.000000E+00   0.000000E+00   0.000000E+00   1.138268E-01   8.861732E-01   1.700002E+01
 8.744490E-01   0.000000E+00   0.000000E+00   0.000000E+00   9.750129E-02   9.024987E-01   2.025892E+01
 9.342626E-01   0.000000E+00   0.000000E+00   0.000000E+00   7.902933E-02   9.209707E-01   2.561018E+01
 r/a            s_alpha        s_alpha_i      s_alpha_e      frac_ai        frac_ae        E_alpha/E_c
                (MW/cm^3)      (MW/cm^3)      (MW/cm^3)                                    
 0.000000E+00   0.000000E+00   0.000000E+00   0.000000E+00   3.133640E-01   6.866360E-01   4.901010E+00
 7.849780E-02   0.000000E+00   0.000000E+00   0.000000E+00   3.036438E-01   6.963562E-01   5.115252E+00
 1.598984E-01   0.000000E+00   0.000000E+00   0.000000E+00   2.827811E-01   7.172189E-01   5.626331E+00
 2.452855E-01   0.000000E+00   0.000000E+00   0.000000E+00   2.564813E-01   7.435187E-01   6.392729E+00
 3.339042E-01   0.000000E+00   0.000000E+00   0.000000E+00   2.289659E-01   7.710341E-01   7.388815E+00
 4.211337E-01   0.000000E+00   0.000000E+00   0.000000E+00   2.051787E-01   7.948213E-01   8.471785E+00
 5.058343E-01   0.000000E+00   0.000000E+00   0.000000E+00   1.842017E-01   8.157983E-01   9.665786E+00
 5.874168E-01   0.000000E+00   0.000000E+00   0.000000E+00   1.653328E-01   8.346672E-01   1.100611E+01
 6.653242E-01   0.000000E+00   0.000000E+00   0.000000E+00   1.473909E-01   8.526091E-01   1.260786E+01
 7.394231E-01   0.000000E+00   0.000000E+00   0.000000E+00   1.303947E-01   8.696053E-01   1.454286E+01
 8.093208E-01   0.000000E+00   0.000000E+00   0.000000E+00   1.138268E-01   8.861732E-01   1.700002E+01
 8.744490E-01   0.000000E+00   0.000000E+00   0.000000E+00   9.750129E-02   9.024987E-01   2.025892E+01
 9.342626E-01   0.000000E+00   0.000000E+00   0.000000E+00   7.902933E-02   9.209707E-01   2.561018E+01
 r/a            s_alpha        s_alpha_i      s_alpha_e      frac_ai        frac_ae        E_alpha/E_c
                (MW/cm^3)      (MW/cm^3)      (MW/cm^3)                                    
 0.000000E+00   0.000000E+00   0.000000E+00   0.000000E+00   3.121646E-01   6.878354E-01   4.926705E+00
 7.849780E-02   0.000000E+00   0.000000E+00   0.000000E+00   3.027010E-01   6.972990E-01   5.136785E+00
 1.598984E-01   0.000000E+00   0.000000E+00   0.000000E+00   2.821376E-01   7.178624E-01   5.643330E+00
 2.452855E-01   0.000000E+00   0.000000E+00   0.000000E+00   2.562367E-01   7.437633E-01   6.400614E+00
 3.339042E-01   0.000000E+00   0.000000E+00   0.000000E+00   2.290467E-01   7.709533E-01   7.385530E+00
 4.211337E-01   0.000000E+00   0.000000E+00   0.000000E+00   2.052365E-01   7.947635E-01   8.468840E+00
 5.058343E-01   0.000000E+00   0.000000E+00   0.000000E+00   1.842427E-01   8.157573E-01   9.663181E+00
 5.874168E-01   0.000000E+00   0.000000E+00   0.000000E+00   1.653553E-01   8.346447E-01   1.100433E+01
 6.653242E-01   0.000000E+00   0.000000E+00   0.000000E+00   1.473966E-01   8.526034E-01   1.260729E+01
 7.394231E-01   0.000000E+00   0.000000E+00   0.000000E+00   1.303950E-01   8.696050E-01   1.454282E+01
 8.093208E-01   0.000000E+00   0.000000E+00   0.000000E+00   1.138260E-01   8.861740E-01   1.700017E+01
 8.744490E-01   0.000000E+00   0.000000E+00   0.000000E+00   9.750029E-02   9.024997E-01   2.025915E+01
 9.342626E-01   0.000000E+00   0.000000E+00   0.000000E+00   7.902933E-02   9.209707E-01   2.561018E+01
 r/a            s_alpha        s_alpha_i      s_alpha_e      frac_ai        frac_ae        E_alpha/E_c
                (MW/cm^3)      (MW/cm^3)      (MW/cm^3)                                    
 0.000000E+00   0.000000E+00   0.000000E+00   0.000000E+00   3.114695E-01   6.885305E-01   4.941688E+00
 7.849780E-02   0.000000E+00   0.000000E+00   0.000000E+00   3.019900E-01   6.980100E-01   5.153115E+00
 1.598984E-01   0.000000E+00   0.000000E+00   0.000000E+00   2.816431E-01   7.183569E-01   5.656450E+00
 2.452855E-01   0.000000E+00   0.000000E+00   0.000000E+00   2.561297E-01   7.438703E-01   6.404070E+00
 3.339042E-01   0.000000E+00   0.000000E+00   0.000000E+00   2.290803E-01   7.709197E-01   7.384166E+00
 4.211337E-01   0.000000E+00   0.000000E+00   0.000000E+00   2.052489E-01   7.947511E-01   8.468213E+00
 5.058343E-01   0.000000E+00   0.000000E+00   0.000000E+00   1.842386E-01   8.157614E-01   9.663439E+00
 5.874168E-01   0.000000E+00   0.000000E+00   0.000000E+00   1.653408E-01   8.346592E-01   1.100548E+01
 6.653242E-01   0.000000E+00   0.000000E+00   0.000000E+00   1.473914E-01   8.526086E-01   1.260781E+01
 7.394231E-01   0.000000E+00   0.000000E+00   0.000000E+00   1.304007E-01   8.695993E-01   1.454208E+01
 8.093208E-01   0.000000E+00   0.000000E+00   0.000000E+00   1.138289E-01   8.861711E-01   1.699966E+01
 8.744490E-01   0.000000E+00   0.000000E+00   0.000000E+00   9.750165E-02   9.024984E-01   2.025884E+01
 9.342626E-01   0.000000E+00   0.000000E+00   0.000000E+00   7.902933E-02   9.209707E-01   2.561018E+01
 r/a            s_alpha        s_alpha_i      s_alpha_e      frac_ai        frac_ae        E_alpha/E_c
                (MW/cm^3)      (MW/cm^3)      (MW/cm^3)                                    
 0.000000E+00   0.000000E+00   0.000000E+00   0.000000E+00   3.090966E-01   6.909034E-01   4.993361E+00
 7.849780E-02   0.000000E+00   0.000000E+00   0.000000E+00   2.998374E-01   7.001626E-01   5.203044E+00
 1.598984E-01   0.000000E+00   0.000000E+00   0.000000E+00   2.804678E-01   7.195322E-01   5.687818E+00
 2.452855E-01   0.000000E+00   0.000000E+00   0.000000E+00   2.560304E-01   7.439696E-01   6.407280E+00
 3.339042E-01   0.000000E+00   0.000000E+00   0.000000E+00   2.292615E-01   7.707385E-01   7.376806E+00
 4.211337E-01   0.000000E+00   0.000000E+00   0.000000E+00   2.053751E-01   7.946249E-01   8.461791E+00
 5.058343E-01   0.000000E+00   0.000000E+00   0.000000E+00   1.843236E-01   8.156764E-01   9.658041E+00
 5.874168E-01   0.000000E+00   0.000000E+00   0.000000E+00   1.653978E-01   8.346022E-01   1.100096E+01
 6.653242E-01   0.000000E+00   0.000000E+00   0.000000E+00   1.474128E-01   8.525872E-01   1.260567E+01
 7.394231E-01   0.000000E+00   0.000000E+00   0.000000E+00   1.304027E-01   8.695973E-01   1.454183E+01
 8.093208E-01   0.000000E+00   0.000000E+00   0.000000E+00   1.138289E-01   8.861711E-01   1.699966E+01
 8.744490E-01   0.000000E+00   0.000000E+00   0.000000E+00   9.750130E-02   9.024987E-01   2.025892E+01
 9.342626E-01   0.000000E+00   0.000000E+00   0.000000E+00   7.902933E-02   9.209707E-01   2.561018E+01
 r/a            s_alpha        s_alpha_i      s_alpha_e      frac_ai        frac_ae        E_alpha/E_c
                (MW/cm^3)      (MW/cm^3)      (MW/cm^3)                                    
 0.000000E+00   0.000000E+00   0.000000E+00   0.000000E+00   3.104938E-01   6.895062E-01   4.962837E+00
 7.849780E-02   0.000000E+00   0.000000E+00   0.000000E+00   3.012798E-01   6.987202E-01   5.169507E+00
 1.598984E-01   0.000000E+00   0.000000E+00   0.000000E+00   2.811810E-01   7.188190E-01   5.668751E+00
 2.452855E-01   0.000000E+00   0.000000E+00   0.000000E+00   2.559837E-01   7.440163E-01   6.408791E+00
 3.339042E-01   0.000000E+00   0.000000E+00   0.000000E+00   2.292319E-01   7.707681E-01   7.378009E+00
 4.211337E-01   0.000000E+00   0.000000E+00   0.000000E+00   2.053457E-01   7.946543E-01   8.463286E+00
 5.058343E-01   0.000000E+00   0.000000E+00   0.000000E+00   1.842877E-01   8.157123E-01   9.660321E+00
 5.874168E-01   0.000000E+00   0.000000E+00   0.000000E+00   1.653618E-01   8.346382E-01   1.100381E+01
 6.653242E-01   0.000000E+00   0.000000E+00   0.000000E+00   1.473980E-01   8.526020E-01   1.260715E+01
 7.394231E-01   0.000000E+00   0.000000E+00   0.000000E+00   1.304055E-01   8.695945E-01   1.454147E+01
 8.093208E-01   0.000000E+00   0.000000E+00   0.000000E+00   1.138306E-01   8.861694E-01   1.699938E+01
 8.744490E-01   0.000000E+00   0.000000E+00   0.000000E+00   9.750213E-02   9.024979E-01   2.025872E+01
 9.342626E-01   0.000000E+00   0.000000E+00   0.000000E+00   7.902933E-02   9.209707E-01   2.561018E+01
 r/a            s_alpha        s_alpha_i      s_alpha_e      frac_ai        frac_ae        E_alpha/E_c
                (MW/cm^3)      (MW/cm^3)      (MW/cm^3)                                    
 0.000000E+00   0.000000E+00   0.000000E+00   0.000000E+00   3.104938E-01   6.895062E-01   4.962837E+00
 7.849780E-02   0.000000E+00   0.000000E+00   0.000000E+00   3.012798E-01   6.987202E-01   5.169507E+00
 1.598984E-01   0.000000E+00   0.000000E+00   0.000000E+00   2.811810E-01   7.188190E-01   5.668751E+00
 2.452855E-01   0.000000E+00   0.000000E+00   0.000000E+00   2.559837E-01   7.440163E-01   6.408791E+00
 3.339042E-01   0.000000E+00   0.000000E+00   0.000000E+00   2.292319E-01   7.707681E-01   7.378009E+00
 4.211337E-01   0.000000E+00   0.000000E+00   0.000000E+00   2.053457E-01   7.946543E-01   8.463286E+00
 5.058343E-01   0.000000E+00   0.000000E+00   0.000000E+00   1.842877E-01   8.157123E-01   9.660321E+00
 5.874168E-01   0.000000E+00   0.000000E+00   0.000000E+00   1.653618E-01   8.346382E-01   1.100381E+01
 6.653242E-01   0.000000E+00   0.000000E+00   0.000000E+00   1.473980E-01   8.526020E-01   1.260715E+01
 7.394231E-01   0.000000E+00   0.000000E+00   0.000000E+00   1.304055E-01   8.695945E-01   1.454147E+01
 8.093208E-01   0.000000E+00   0.000000E+00   0.000000E+00   1.138306E-01   8.861694E-01   1.699938E+01
 8.744490E-01   0.000000E+00   0.000000E+00   0.000000E+00   9.750213E-02   9.024979E-01   2.025872E+01
 9.342626E-01   0.000000E+00   0.000000E+00   0.000000E+00   7.902933E-02   9.209707E-01   2.561018E+01
 r/a            s_alpha        s_alpha_i      s_alpha_e      frac_ai        frac_ae        E_alpha/E_c
                (MW/cm^3)      (MW/cm^3)      (MW/cm^3)                                    
 0.000000E+00   0.000000E+00   0.000000E+00   0.000000E+00   3.104545E-01   6.895455E-01   4.963691E+00
 7.849780E-02   0.000000E+00   0.000000E+00   0.000000E+00   3.012800E-01   6.987200E-01   5.169503E+00
 1.598984E-01   0.000000E+00   0.000000E+00   0.000000E+00   2.811397E-01   7.188603E-01   5.669854E+00
 2.452855E-01   0.000000E+00   0.000000E+00   0.000000E+00   2.558980E-01   7.441020E-01   6.411562E+00
 3.339042E-01   0.000000E+00   0.000000E+00   0.000000E+00   2.291971E-01   7.708029E-01   7.379420E+00
 4.211337E-01   0.000000E+00   0.000000E+00   0.000000E+00   2.053319E-01   7.946681E-01   8.463989E+00
 5.058343E-01   0.000000E+00   0.000000E+00   0.000000E+00   1.842854E-01   8.157146E-01   9.660464E+00
 5.874168E-01   0.000000E+00   0.000000E+00   0.000000E+00   1.653626E-01   8.346374E-01   1.100375E+01
 6.653242E-01   0.000000E+00   0.000000E+00   0.000000E+00   1.473928E-01   8.526072E-01   1.260768E+01
 7.394231E-01   0.000000E+00   0.000000E+00   0.000000E+00   1.303978E-01   8.696022E-01   1.454246E+01
 8.093208E-01   0.000000E+00   0.000000E+00   0.000000E+00   1.138262E-01   8.861738E-01   1.700013E+01
 8.744490E-01   0.000000E+00   0.000000E+00   0.000000E+00   9.750003E-02   9.025000E-01   2.025921E+01
 9.342626E-01   0.000000E+00   0.000000E+00   0.000000E+00   7.902933E-02   9.209707E-01   2.561018E+01
 r/a            s_alpha        s_alpha_i      s_alpha_e      frac_ai        frac_ae        E_alpha/E_c
                (MW/cm^3)      (MW/cm^3)      (MW/cm^3)                                    
 0.000000E+00   0.000000E+00   0.000000E+00   0.000000E+00   3.104539E-01   6.895461E-01   4.963705E+00
 7.849780E-02   0.000000E+00   0.000000E+00   0.000000E+00   3.012771E-01   6.987229E-01   5.169570E+00
 1.598984E-01   0.000000E+00   0.000000E+00   0.000000E+00   2.811388E-01   7.188612E-01   5.669875E+00
 2.452855E-01   0.000000E+00   0.000000E+00   0.000000E+00   2.558998E-01   7.441002E-01   6.411505E+00
 3.339042E-01   0.000000E+00   0.000000E+00   0.000000E+00   2.291971E-01   7.708029E-01   7.379419E+00
 4.211337E-01   0.000000E+00   0.000000E+00   0.000000E+00   2.053318E-01   7.946682E-01   8.463992E+00
 5.058343E-01   0.000000E+00   0.000000E+00   0.000000E+00   1.842853E-01   8.157147E-01   9.660473E+00
 5.874168E-01   0.000000E+00   0.000000E+00   0.000000E+00   1.653625E-01   8.346375E-01   1.100376E+01
 6.653242E-01   0.000000E+00   0.000000E+00   0.000000E+00   1.473927E-01   8.526073E-01   1.260768E+01
 7.394231E-01   0.000000E+00   0.000000E+00   0.000000E+00   1.303979E-01   8.696021E-01   1.454245E+01
 8.093208E-01   0.000000E+00   0.000000E+00   0.000000E+00   1.138262E-01   8.861738E-01   1.700012E+01
 8.744490E-01   0.000000E+00   0.000000E+00   0.000000E+00   9.750006E-02   9.024999E-01   2.025921E+01
 9.342626E-01   0.000000E+00   0.000000E+00   0.000000E+00   7.902933E-02   9.209707E-01   2.561018E+01
 r/a            s_alpha        s_alpha_i      s_alpha_e      frac_ai        frac_ae        E_alpha/E_c
                (MW/cm^3)      (MW/cm^3)      (MW/cm^3)                                    
 0.000000E+00   0.000000E+00   0.000000E+00   0.000000E+00   3.104524E-01   6.895476E-01   4.963737E+00
 7.849780E-02   0.000000E+00   0.000000E+00   0.000000E+00   3.012734E-01   6.987266E-01   5.169655E+00
 1.598984E-01   0.000000E+00   0.000000E+00   0.000000E+00   2.811377E-01   7.188623E-01   5.669907E+00
 2.452855E-01   0.000000E+00   0.000000E+00   0.000000E+00   2.559015E-01   7.440985E-01   6.411448E+00
 3.339042E-01   0.000000E+00   0.000000E+00   0.000000E+00   2.291972E-01   7.708028E-01   7.379418E+00
 4.211337E-01   0.000000E+00   0.000000E+00   0.000000E+00   2.053317E-01   7.946683E-01   8.463995E+00
 5.058343E-01   0.000000E+00   0.000000E+00   0.000000E+00   1.842852E-01   8.157148E-01   9.660481E+00
 5.874168E-01   0.000000E+00   0.000000E+00   0.000000E+00   1.653623E-01   8.346377E-01   1.100378E+01
 6.653242E-01   0.000000E+00   0.000000E+00   0.000000E+00   1.473927E-01   8.526073E-01   1.260768E+01
 7.394231E-01   0.000000E+00   0.000000E+00   0.000000E+00   1.303980E-01   8.696020E-01   1.454244E+01
 8.093208E-01   0.000000E+00   0.000000E+00   0.000000E+00   1.138263E-01   8.861737E-01   1.700011E+01
 8.744490E-01   0.000000E+00   0.000000E+00   0.000000E+00   9.750008E-02   9.024999E-01   2.025920E+01
 9.342626E-01   0.000000E+00   0.000000E+00   0.000000E+00   7.902933E-02   9.209707E-01   2.561018E+01
 r/a            s_alpha        s_alpha_i      s_alpha_e      frac_ai        frac_ae        E_alpha/E_c
                (MW/cm^3)      (MW/cm^3)      (MW/cm^3)                                    
 0.000000E+00   0.000000E+00   0.000000E+00   0.000000E+00   3.104510E-01   6.895490E-01   4.963767E+00
 7.849780E-02   0.000000E+00   0.000000E+00   0.000000E+00   3.012698E-01   6.987302E-01   5.169739E+00
 1.598984E-01   0.000000E+00   0.000000E+00   0.000000E+00   2.811365E-01   7.188635E-01   5.669938E+00
 2.452855E-01   0.000000E+00   0.000000E+00   0.000000E+00   2.559032E-01   7.440968E-01   6.411393E+00
 3.339042E-01   0.000000E+00   0.000000E+00   0.000000E+00   2.291972E-01   7.708028E-01   7.379417E+00
 4.211337E-01   0.000000E+00   0.000000E+00   0.000000E+00   2.053317E-01   7.946683E-01   8.463998E+00
 5.058343E-01   0.000000E+00   0.000000E+00   0.000000E+00   1.842850E-01   8.157150E-01   9.660489E+00
 5.874168E-01   0.000000E+00   0.000000E+00   0.000000E+00   1.653621E-01   8.346379E-01   1.100379E+01
 6.653242E-01   0.000000E+00   0.000000E+00   0.000000E+00   1.473927E-01   8.526073E-01   1.260769E+01
 7.394231E-01   0.000000E+00   0.000000E+00   0.000000E+00   1.303981E-01   8.696019E-01   1.454243E+01
 8.093208E-01   0.000000E+00   0.000000E+00   0.000000E+00   1.138263E-01   8.861737E-01   1.700010E+01
 8.744490E-01   0.000000E+00   0.000000E+00   0.000000E+00   9.750011E-02   9.024999E-01   2.025920E+01
 9.342626E-01   0.000000E+00   0.000000E+00   0.000000E+00   7.902933E-02   9.209707E-01   2.561018E+01
 r/a            s_alpha        s_alpha_i      s_alpha_e      frac_ai        frac_ae        E_alpha/E_c
                (MW/cm^3)      (MW/cm^3)      (MW/cm^3)                                    
 0.000000E+00   0.000000E+00   0.000000E+00   0.000000E+00   3.104496E-01   6.895504E-01   4.963797E+00
 7.849780E-02   0.000000E+00   0.000000E+00   0.000000E+00   3.012662E-01   6.987338E-01   5.169822E+00
 1.598984E-01   0.000000E+00   0.000000E+00   0.000000E+00   2.811353E-01   7.188647E-01   5.669969E+00
 2.452855E-01   0.000000E+00   0.000000E+00   0.000000E+00   2.559049E-01   7.440951E-01   6.411337E+00
 3.339042E-01   0.000000E+00   0.000000E+00   0.000000E+00   2.291972E-01   7.708028E-01   7.379416E+00
 4.211337E-01   0.000000E+00   0.000000E+00   0.000000E+00   2.053316E-01   7.946684E-01   8.464001E+00
 5.058343E-01   0.000000E+00   0.000000E+00   0.000000E+00   1.842849E-01   8.157151E-01   9.660498E+00
 5.874168E-01   0.000000E+00   0.000000E+00   0.000000E+00   1.653619E-01   8.346381E-01   1.100380E+01
 6.653242E-01   0.000000E+00   0.000000E+00   0.000000E+00   1.473926E-01   8.526074E-01   1.260769E+01
 7.394231E-01   0.000000E+00   0.000000E+00   0.000000E+00   1.303981E-01   8.696019E-01   1.454242E+01
 8.093208E-01   0.000000E+00   0.000000E+00   0.000000E+00   1.138264E-01   8.861736E-01   1.700009E+01
 8.744490E-01   0.000000E+00   0.000000E+00   0.000000E+00   9.750013E-02   9.024999E-01   2.025919E+01
 9.342626E-01   0.000000E+00   0.000000E+00   0.000000E+00   7.902933E-02   9.209707E-01   2.561018E+01
 r/a            s_alpha        s_alpha_i      s_alpha_e      frac_ai        frac_ae        E_alpha/E_c
                (MW/cm^3)      (MW/cm^3)      (MW/cm^3)                                    
 0.000000E+00   0.000000E+00   0.000000E+00   0.000000E+00   3.104484E-01   6.895516E-01   4.963823E+00
 7.849780E-02   0.000000E+00   0.000000E+00   0.000000E+00   3.012628E-01   6.987372E-01   5.169901E+00
 1.598984E-01   0.000000E+00   0.000000E+00   0.000000E+00   2.811342E-01   7.188658E-01   5.669999E+00
 2.452855E-01   0.000000E+00   0.000000E+00   0.000000E+00   2.559066E-01   7.440934E-01   6.411283E+00
 3.339042E-01   0.000000E+00   0.000000E+00   0.000000E+00   2.291973E-01   7.708027E-01   7.379415E+00
 4.211337E-01   0.000000E+00   0.000000E+00   0.000000E+00   2.053315E-01   7.946685E-01   8.464005E+00
 5.058343E-01   0.000000E+00   0.000000E+00   0.000000E+00   1.842848E-01   8.157152E-01   9.660506E+00
 5.874168E-01   0.000000E+00   0.000000E+00   0.000000E+00   1.653617E-01   8.346383E-01   1.100382E+01
 6.653242E-01   0.000000E+00   0.000000E+00   0.000000E+00   1.473926E-01   8.526074E-01   1.260769E+01
 7.394231E-01   0.000000E+00   0.000000E+00   0.000000E+00   1.303982E-01   8.696018E-01   1.454241E+01
 8.093208E-01   0.000000E+00   0.000000E+00   0.000000E+00   1.138264E-01   8.861736E-01   1.700009E+01
 8.744490E-01   0.000000E+00   0.000000E+00   0.000000E+00   9.750016E-02   9.024998E-01   2.025918E+01
 9.342626E-01   0.000000E+00   0.000000E+00   0.000000E+00   7.902933E-02   9.209707E-01   2.561018E+01
 r/a            s_alpha        s_alpha_i      s_alpha_e      frac_ai        frac_ae        E_alpha/E_c
                (MW/cm^3)      (MW/cm^3)      (MW/cm^3)                                    
 0.000000E+00   0.000000E+00   0.000000E+00   0.000000E+00   3.104448E-01   6.895552E-01   4.963902E+00
 7.849780E-02   0.000000E+00   0.000000E+00   0.000000E+00   3.012574E-01   6.987426E-01   5.170025E+00
 1.598984E-01   0.000000E+00   0.000000E+00   0.000000E+00   2.811315E-01   7.188685E-01   5.670072E+00
 2.452855E-01   0.000000E+00   0.000000E+00   0.000000E+00   2.559075E-01   7.440925E-01   6.411254E+00
 3.339042E-01   0.000000E+00   0.000000E+00   0.000000E+00   2.291974E-01   7.708026E-01   7.379409E+00
 4.211337E-01   0.000000E+00   0.000000E+00   0.000000E+00   2.053315E-01   7.946685E-01   8.464005E+00
 5.058343E-01   0.000000E+00   0.000000E+00   0.000000E+00   1.842847E-01   8.157153E-01   9.660512E+00
 5.874168E-01   0.000000E+00   0.000000E+00   0.000000E+00   1.653616E-01   8.346384E-01   1.100383E+01
 6.653242E-01   0.000000E+00   0.000000E+00   0.000000E+00   1.473926E-01   8.526074E-01   1.260770E+01
 7.394231E-01   0.000000E+00   0.000000E+00   0.000000E+00   1.303983E-01   8.696017E-01   1.454240E+01
 8.093208E-01   0.000000E+00   0.000000E+00   0.000000E+00   1.138265E-01   8.861735E-01   1.700008E+01
 8.744490E-01   0.000000E+00   0.000000E+00   0.000000E+00   9.750018E-02   9.024998E-01   2.025918E+01
 9.342626E-01   0.000000E+00   0.000000E+00   0.000000E+00   7.902933E-02   9.209707E-01   2.561018E+01
