 r/a            s_alpha        s_alpha_i      s_alpha_e      frac_ai        frac_ae        E_alpha/E_c
                (MW/cm^3)      (MW/cm^3)      (MW/cm^3)                                    
 0.000000E+00   0.000000E+00   0.000000E+00   0.000000E+00   2.572903E-01   7.427097E-01   6.366751E+00
 8.014993E-02   0.000000E+00   0.000000E+00   0.000000E+00   2.554401E-01   7.445599E-01   6.426409E+00
 1.598893E-01   0.000000E+00   0.000000E+00   0.000000E+00   2.526465E-01   7.473535E-01   6.518193E+00
 2.424889E-01   0.000000E+00   0.000000E+00   0.000000E+00   2.430008E-01   7.569992E-01   6.851779E+00
 3.280403E-01   0.000000E+00   0.000000E+00   0.000000E+00   2.180364E-01   7.819636E-01   7.856281E+00
 4.154271E-01   0.000000E+00   0.000000E+00   0.000000E+00   1.884421E-01   8.115579E-01   9.402412E+00
 5.019825E-01   0.000000E+00   0.000000E+00   0.000000E+00   1.656862E-01   8.343138E-01   1.097813E+01
 5.857234E-01   0.000000E+00   0.000000E+00   0.000000E+00   1.516386E-01   8.483614E-01   1.219354E+01
 6.656741E-01   0.000000E+00   0.000000E+00   0.000000E+00   1.420410E-01   8.579590E-01   1.316584E+01
 7.415791E-01   0.000000E+00   0.000000E+00   0.000000E+00   1.305182E-01   8.694818E-01   1.452694E+01
 8.128037E-01   0.000000E+00   0.000000E+00   0.000000E+00   1.154289E-01   8.845711E-01   1.673089E+01
 8.786916E-01   0.000000E+00   0.000000E+00   0.000000E+00   9.552538E-02   9.044746E-01   2.073062E+01
 9.378421E-01   0.000000E+00   0.000000E+00   0.000000E+00   7.904511E-02   9.209549E-01   2.560452E+01
 r/a            s_alpha        s_alpha_i      s_alpha_e      frac_ai        frac_ae        E_alpha/E_c
                (MW/cm^3)      (MW/cm^3)      (MW/cm^3)                                    
 0.000000E+00   0.000000E+00   0.000000E+00   0.000000E+00   2.566708E-01   7.433292E-01   6.386629E+00
 8.014993E-02   0.000000E+00   0.000000E+00   0.000000E+00   2.549182E-01   7.450818E-01   6.443399E+00
 1.598893E-01   0.000000E+00   0.000000E+00   0.000000E+00   2.522625E-01   7.477375E-01   6.530973E+00
 2.424889E-01   0.000000E+00   0.000000E+00   0.000000E+00   2.426856E-01   7.573144E-01   6.863139E+00
 3.280403E-01   0.000000E+00   0.000000E+00   0.000000E+00   2.177664E-01   7.822336E-01   7.868440E+00
 4.154271E-01   0.000000E+00   0.000000E+00   0.000000E+00   1.882092E-01   8.117908E-01   9.416564E+00
 5.019825E-01   0.000000E+00   0.000000E+00   0.000000E+00   1.654747E-01   8.345253E-01   1.099486E+01
 5.857234E-01   0.000000E+00   0.000000E+00   0.000000E+00   1.514427E-01   8.485573E-01   1.221213E+01
 6.656741E-01   0.000000E+00   0.000000E+00   0.000000E+00   1.418585E-01   8.581415E-01   1.318563E+01
 7.415791E-01   0.000000E+00   0.000000E+00   0.000000E+00   1.303441E-01   8.696559E-01   1.454939E+01
 8.128037E-01   0.000000E+00   0.000000E+00   0.000000E+00   1.152700E-01   8.847300E-01   1.675724E+01
 8.786916E-01   0.000000E+00   0.000000E+00   0.000000E+00   9.539155E-02   9.046084E-01   2.076329E+01
 9.378421E-01   0.000000E+00   0.000000E+00   0.000000E+00   7.904511E-02   9.209549E-01   2.560452E+01
 r/a            s_alpha        s_alpha_i      s_alpha_e      frac_ai        frac_ae        E_alpha/E_c
                (MW/cm^3)      (MW/cm^3)      (MW/cm^3)                                    
 0.000000E+00   0.000000E+00   0.000000E+00   0.000000E+00   2.564120E-01   7.435880E-01   6.394961E+00
 8.014993E-02   0.000000E+00   0.000000E+00   0.000000E+00   2.545369E-01   7.454631E-01   6.455858E+00
 1.598893E-01   0.000000E+00   0.000000E+00   0.000000E+00   2.517209E-01   7.482791E-01   6.549062E+00
 2.424889E-01   0.000000E+00   0.000000E+00   0.000000E+00   2.420859E-01   7.579141E-01   6.884839E+00
 3.280403E-01   0.000000E+00   0.000000E+00   0.000000E+00   2.171835E-01   7.828165E-01   7.894792E+00
 4.154271E-01   0.000000E+00   0.000000E+00   0.000000E+00   1.876806E-01   8.123194E-01   9.448811E+00
 5.019825E-01   0.000000E+00   0.000000E+00   0.000000E+00   1.649860E-01   8.350140E-01   1.103369E+01
 5.857234E-01   0.000000E+00   0.000000E+00   0.000000E+00   1.509959E-01   8.490041E-01   1.225470E+01
 6.656741E-01   0.000000E+00   0.000000E+00   0.000000E+00   1.414516E-01   8.585484E-01   1.322995E+01
 7.415791E-01   0.000000E+00   0.000000E+00   0.000000E+00   1.299927E-01   8.700073E-01   1.459491E+01
 8.128037E-01   0.000000E+00   0.000000E+00   0.000000E+00   1.150002E-01   8.849998E-01   1.680216E+01
 8.786916E-01   0.000000E+00   0.000000E+00   0.000000E+00   9.521698E-02   9.047830E-01   2.080605E+01
 9.378421E-01   0.000000E+00   0.000000E+00   0.000000E+00   7.904511E-02   9.209549E-01   2.560452E+01
 r/a            s_alpha        s_alpha_i      s_alpha_e      frac_ai        frac_ae        E_alpha/E_c
                (MW/cm^3)      (MW/cm^3)      (MW/cm^3)                                    
 0.000000E+00   0.000000E+00   0.000000E+00   0.000000E+00   2.570548E-01   7.429452E-01   6.374296E+00
 8.014993E-02   0.000000E+00   0.000000E+00   0.000000E+00   2.550283E-01   7.449717E-01   6.439810E+00
 1.598893E-01   0.000000E+00   0.000000E+00   0.000000E+00   2.519797E-01   7.480203E-01   6.540409E+00
 2.424889E-01   0.000000E+00   0.000000E+00   0.000000E+00   2.422308E-01   7.577692E-01   6.879588E+00
 3.280403E-01   0.000000E+00   0.000000E+00   0.000000E+00   2.173620E-01   7.826380E-01   7.886705E+00
 4.154271E-01   0.000000E+00   0.000000E+00   0.000000E+00   1.879125E-01   8.120875E-01   9.434642E+00
 5.019825E-01   0.000000E+00   0.000000E+00   0.000000E+00   1.652146E-01   8.347854E-01   1.101550E+01
 5.857234E-01   0.000000E+00   0.000000E+00   0.000000E+00   1.511468E-01   8.488532E-01   1.224030E+01
 6.656741E-01   0.000000E+00   0.000000E+00   0.000000E+00   1.414756E-01   8.585244E-01   1.322733E+01
 7.415791E-01   0.000000E+00   0.000000E+00   0.000000E+00   1.299851E-01   8.700149E-01   1.459589E+01
 8.128037E-01   0.000000E+00   0.000000E+00   0.000000E+00   1.150662E-01   8.849338E-01   1.679116E+01
 8.786916E-01   0.000000E+00   0.000000E+00   0.000000E+00   9.548459E-02   9.045154E-01   2.074057E+01
 9.378421E-01   0.000000E+00   0.000000E+00   0.000000E+00   7.904511E-02   9.209549E-01   2.560452E+01
 r/a            s_alpha        s_alpha_i      s_alpha_e      frac_ai        frac_ae        E_alpha/E_c
                (MW/cm^3)      (MW/cm^3)      (MW/cm^3)                                    
 0.000000E+00   0.000000E+00   0.000000E+00   0.000000E+00   2.657020E-01   7.342980E-01   6.106271E+00
 8.014993E-02   0.000000E+00   0.000000E+00   0.000000E+00   2.597449E-01   7.402551E-01   6.288949E+00
 1.598893E-01   0.000000E+00   0.000000E+00   0.000000E+00   2.529626E-01   7.470374E-01   6.507701E+00
 2.424889E-01   0.000000E+00   0.000000E+00   0.000000E+00   2.433184E-01   7.566816E-01   6.840363E+00
 3.280403E-01   0.000000E+00   0.000000E+00   0.000000E+00   2.184482E-01   7.815518E-01   7.837793E+00
 4.154271E-01   0.000000E+00   0.000000E+00   0.000000E+00   1.888064E-01   8.111936E-01   9.380353E+00
 5.019825E-01   0.000000E+00   0.000000E+00   0.000000E+00   1.658808E-01   8.341192E-01   1.096277E+01
 5.857234E-01   0.000000E+00   0.000000E+00   0.000000E+00   1.516546E-01   8.483454E-01   1.219203E+01
 6.656741E-01   0.000000E+00   0.000000E+00   0.000000E+00   1.418555E-01   8.581445E-01   1.318595E+01
 7.415791E-01   0.000000E+00   0.000000E+00   0.000000E+00   1.303091E-01   8.696909E-01   1.455391E+01
 8.128037E-01   0.000000E+00   0.000000E+00   0.000000E+00   1.153809E-01   8.846191E-01   1.673885E+01
 8.786916E-01   0.000000E+00   0.000000E+00   0.000000E+00   9.568692E-02   9.043131E-01   2.069131E+01
 9.378421E-01   0.000000E+00   0.000000E+00   0.000000E+00   7.904511E-02   9.209549E-01   2.560452E+01
 r/a            s_alpha        s_alpha_i      s_alpha_e      frac_ai        frac_ae        E_alpha/E_c
                (MW/cm^3)      (MW/cm^3)      (MW/cm^3)                                    
 0.000000E+00   0.000000E+00   0.000000E+00   0.000000E+00   2.693495E-01   7.306505E-01   5.998516E+00
 8.014993E-02   0.000000E+00   0.000000E+00   0.000000E+00   2.629946E-01   7.370054E-01   6.188239E+00
 1.598893E-01   0.000000E+00   0.000000E+00   0.000000E+00   2.552084E-01   7.447916E-01   6.433944E+00
 2.424889E-01   0.000000E+00   0.000000E+00   0.000000E+00   2.449220E-01   7.550780E-01   6.783185E+00
 3.280403E-01   0.000000E+00   0.000000E+00   0.000000E+00   2.199499E-01   7.800501E-01   7.770991E+00
 4.154271E-01   0.000000E+00   0.000000E+00   0.000000E+00   1.901226E-01   8.098774E-01   9.301369E+00
 5.019825E-01   0.000000E+00   0.000000E+00   0.000000E+00   1.670678E-01   8.329322E-01   1.086990E+01
 5.857234E-01   0.000000E+00   0.000000E+00   0.000000E+00   1.528185E-01   8.471815E-01   1.208265E+01
 6.656741E-01   0.000000E+00   0.000000E+00   0.000000E+00   1.431028E-01   8.568972E-01   1.305170E+01
 7.415791E-01   0.000000E+00   0.000000E+00   0.000000E+00   1.316882E-01   8.683118E-01   1.437761E+01
 8.128037E-01   0.000000E+00   0.000000E+00   0.000000E+00   1.168858E-01   8.831142E-01   1.649271E+01
 8.786916E-01   0.000000E+00   0.000000E+00   0.000000E+00   9.637043E-02   9.036296E-01   2.052647E+01
 9.378421E-01   0.000000E+00   0.000000E+00   0.000000E+00   7.904511E-02   9.209549E-01   2.560452E+01
 r/a            s_alpha        s_alpha_i      s_alpha_e      frac_ai        frac_ae        E_alpha/E_c
                (MW/cm^3)      (MW/cm^3)      (MW/cm^3)                                    
 0.000000E+00   0.000000E+00   0.000000E+00   0.000000E+00   2.744253E-01   7.255747E-01   5.853463E+00
 8.014993E-02   0.000000E+00   0.000000E+00   0.000000E+00   2.680918E-01   7.319082E-01   6.035332E+00
 1.598893E-01   0.000000E+00   0.000000E+00   0.000000E+00   2.595726E-01   7.404274E-01   6.294361E+00
 2.424889E-01   0.000000E+00   0.000000E+00   0.000000E+00   2.480589E-01   7.519411E-01   6.673526E+00
 3.280403E-01   0.000000E+00   0.000000E+00   0.000000E+00   2.228786E-01   7.771214E-01   7.643363E+00
 4.154271E-01   0.000000E+00   0.000000E+00   0.000000E+00   1.931532E-01   8.068468E-01   9.123713E+00
 5.019825E-01   0.000000E+00   0.000000E+00   0.000000E+00   1.696774E-01   8.303226E-01   1.067039E+01
 5.857234E-01   0.000000E+00   0.000000E+00   0.000000E+00   1.547598E-01   8.452402E-01   1.190395E+01
 6.656741E-01   0.000000E+00   0.000000E+00   0.000000E+00   1.442831E-01   8.557169E-01   1.292683E+01
 7.415791E-01   0.000000E+00   0.000000E+00   0.000000E+00   1.322835E-01   8.677165E-01   1.430266E+01
 8.128037E-01   0.000000E+00   0.000000E+00   0.000000E+00   1.172809E-01   8.827191E-01   1.642915E+01
 8.786916E-01   0.000000E+00   0.000000E+00   0.000000E+00   9.718699E-02   9.028130E-01   2.033264E+01
 9.378421E-01   0.000000E+00   0.000000E+00   0.000000E+00   7.904511E-02   9.209549E-01   2.560452E+01
 r/a            s_alpha        s_alpha_i      s_alpha_e      frac_ai        frac_ae        E_alpha/E_c
                (MW/cm^3)      (MW/cm^3)      (MW/cm^3)                                    
 0.000000E+00   0.000000E+00   0.000000E+00   0.000000E+00   2.713384E-01   7.286616E-01   5.941015E+00
 8.014993E-02   0.000000E+00   0.000000E+00   0.000000E+00   2.647159E-01   7.352841E-01   6.135926E+00
 1.598893E-01   0.000000E+00   0.000000E+00   0.000000E+00   2.555579E-01   7.444421E-01   6.422586E+00
 2.424889E-01   0.000000E+00   0.000000E+00   0.000000E+00   2.429427E-01   7.570573E-01   6.853872E+00
 3.280403E-01   0.000000E+00   0.000000E+00   0.000000E+00   2.198311E-01   7.801689E-01   7.776243E+00
 4.154271E-01   0.000000E+00   0.000000E+00   0.000000E+00   1.926525E-01   8.073475E-01   9.152667E+00
 5.019825E-01   0.000000E+00   0.000000E+00   0.000000E+00   1.690588E-01   8.309412E-01   1.071712E+01
 5.857234E-01   0.000000E+00   0.000000E+00   0.000000E+00   1.539222E-01   8.460778E-01   1.198048E+01
 6.656741E-01   0.000000E+00   0.000000E+00   0.000000E+00   1.431657E-01   8.568343E-01   1.304499E+01
 7.415791E-01   0.000000E+00   0.000000E+00   0.000000E+00   1.308898E-01   8.691102E-01   1.447921E+01
 8.128037E-01   0.000000E+00   0.000000E+00   0.000000E+00   1.156850E-01   8.843150E-01   1.668857E+01
 8.786916E-01   0.000000E+00   0.000000E+00   0.000000E+00   9.657558E-02   9.034244E-01   2.047746E+01
 9.378421E-01   0.000000E+00   0.000000E+00   0.000000E+00   7.904511E-02   9.209549E-01   2.560452E+01
 r/a            s_alpha        s_alpha_i      s_alpha_e      frac_ai        frac_ae        E_alpha/E_c
                (MW/cm^3)      (MW/cm^3)      (MW/cm^3)                                    
 0.000000E+00   0.000000E+00   0.000000E+00   0.000000E+00   2.726772E-01   7.273228E-01   5.902792E+00
 8.014993E-02   0.000000E+00   0.000000E+00   0.000000E+00   2.660438E-01   7.339562E-01   6.096044E+00
 1.598893E-01   0.000000E+00   0.000000E+00   0.000000E+00   2.567704E-01   7.432296E-01   6.383424E+00
 2.424889E-01   0.000000E+00   0.000000E+00   0.000000E+00   2.440212E-01   7.559788E-01   6.815210E+00
 3.280403E-01   0.000000E+00   0.000000E+00   0.000000E+00   2.208689E-01   7.791311E-01   7.730567E+00
 4.154271E-01   0.000000E+00   0.000000E+00   0.000000E+00   1.936728E-01   8.063272E-01   9.093826E+00
 5.019825E-01   0.000000E+00   0.000000E+00   0.000000E+00   1.701080E-01   8.298920E-01   1.063808E+01
 5.857234E-01   0.000000E+00   0.000000E+00   0.000000E+00   1.550399E-01   8.449601E-01   1.187854E+01
 6.656741E-01   0.000000E+00   0.000000E+00   0.000000E+00   1.443776E-01   8.556224E-01   1.291692E+01
 7.415791E-01   0.000000E+00   0.000000E+00   0.000000E+00   1.322265E-01   8.677735E-01   1.430982E+01
 8.128037E-01   0.000000E+00   0.000000E+00   0.000000E+00   1.171524E-01   8.828476E-01   1.644976E+01
 8.786916E-01   0.000000E+00   0.000000E+00   0.000000E+00   9.724550E-02   9.027545E-01   2.031888E+01
 9.378421E-01   0.000000E+00   0.000000E+00   0.000000E+00   7.904511E-02   9.209549E-01   2.560452E+01
 r/a            s_alpha        s_alpha_i      s_alpha_e      frac_ai        frac_ae        E_alpha/E_c
                (MW/cm^3)      (MW/cm^3)      (MW/cm^3)                                    
 0.000000E+00   0.000000E+00   0.000000E+00   0.000000E+00   2.827308E-01   7.172692E-01   5.627657E+00
 8.014993E-02   0.000000E+00   0.000000E+00   0.000000E+00   2.761629E-01   7.238371E-01   5.805068E+00
 1.598893E-01   0.000000E+00   0.000000E+00   0.000000E+00   2.653392E-01   7.346608E-01   6.117156E+00
 2.424889E-01   0.000000E+00   0.000000E+00   0.000000E+00   2.504007E-01   7.495993E-01   6.593502E+00
 3.280403E-01   0.000000E+00   0.000000E+00   0.000000E+00   2.265394E-01   7.734606E-01   7.488597E+00
 4.154271E-01   0.000000E+00   0.000000E+00   0.000000E+00   1.989466E-01   8.010534E-01   8.799544E+00
 5.019825E-01   0.000000E+00   0.000000E+00   0.000000E+00   1.745773E-01   8.254227E-01   1.031232E+01
 5.857234E-01   0.000000E+00   0.000000E+00   0.000000E+00   1.583842E-01   8.416158E-01   1.158233E+01
 6.656741E-01   0.000000E+00   0.000000E+00   0.000000E+00   1.464756E-01   8.535244E-01   1.270036E+01
 7.415791E-01   0.000000E+00   0.000000E+00   0.000000E+00   1.334042E-01   8.665958E-01   1.416343E+01
 8.128037E-01   0.000000E+00   0.000000E+00   0.000000E+00   1.180134E-01   8.819866E-01   1.631246E+01
 8.786916E-01   0.000000E+00   0.000000E+00   0.000000E+00   9.829767E-02   9.017023E-01   2.007427E+01
 9.378421E-01   0.000000E+00   0.000000E+00   0.000000E+00   7.904511E-02   9.209549E-01   2.560452E+01
 r/a            s_alpha        s_alpha_i      s_alpha_e      frac_ai        frac_ae        E_alpha/E_c
                (MW/cm^3)      (MW/cm^3)      (MW/cm^3)                                    
 0.000000E+00   0.000000E+00   0.000000E+00   0.000000E+00   2.992304E-01   7.007696E-01   5.217257E+00
 8.014993E-02   0.000000E+00   0.000000E+00   0.000000E+00   2.916094E-01   7.083906E-01   5.400880E+00
 1.598893E-01   0.000000E+00   0.000000E+00   0.000000E+00   2.758627E-01   7.241373E-01   5.813384E+00
 2.424889E-01   0.000000E+00   0.000000E+00   0.000000E+00   2.556198E-01   7.443802E-01   6.420577E+00
 3.280403E-01   0.000000E+00   0.000000E+00   0.000000E+00   2.319677E-01   7.680323E-01   7.268341E+00
 4.154271E-01   0.000000E+00   0.000000E+00   0.000000E+00   2.054720E-01   7.945280E-01   8.456861E+00
 5.019825E-01   0.000000E+00   0.000000E+00   0.000000E+00   1.797988E-01   8.202012E-01   9.952746E+00
 5.857234E-01   0.000000E+00   0.000000E+00   0.000000E+00   1.616758E-01   8.383242E-01   1.130304E+01
 6.656741E-01   0.000000E+00   0.000000E+00   0.000000E+00   1.480475E-01   8.519525E-01   1.254223E+01
 7.415791E-01   0.000000E+00   0.000000E+00   0.000000E+00   1.336608E-01   8.663392E-01   1.413189E+01
 8.128037E-01   0.000000E+00   0.000000E+00   0.000000E+00   1.176227E-01   8.823773E-01   1.637452E+01
 8.786916E-01   0.000000E+00   0.000000E+00   0.000000E+00   9.879457E-02   9.012054E-01   1.996061E+01
 9.378421E-01   0.000000E+00   0.000000E+00   0.000000E+00   7.904511E-02   9.209549E-01   2.560452E+01
 r/a            s_alpha        s_alpha_i      s_alpha_e      frac_ai        frac_ae        E_alpha/E_c
                (MW/cm^3)      (MW/cm^3)      (MW/cm^3)                                    
 0.000000E+00   0.000000E+00   0.000000E+00   0.000000E+00   3.241206E-01   6.758794E-01   4.679331E+00
 8.014993E-02   0.000000E+00   0.000000E+00   0.000000E+00   3.128936E-01   6.871064E-01   4.911064E+00
 1.598893E-01   0.000000E+00   0.000000E+00   0.000000E+00   2.917674E-01   7.082326E-01   5.396973E+00
 2.424889E-01   0.000000E+00   0.000000E+00   0.000000E+00   2.688733E-01   7.311267E-01   6.012414E+00
 3.280403E-01   0.000000E+00   0.000000E+00   0.000000E+00   2.433115E-01   7.566885E-01   6.840612E+00
 4.154271E-01   0.000000E+00   0.000000E+00   0.000000E+00   2.156277E-01   7.843723E-01   7.965852E+00
 5.019825E-01   0.000000E+00   0.000000E+00   0.000000E+00   1.890407E-01   8.109593E-01   9.366213E+00
 5.857234E-01   0.000000E+00   0.000000E+00   0.000000E+00   1.686843E-01   8.313157E-01   1.074558E+01
 6.656741E-01   0.000000E+00   0.000000E+00   0.000000E+00   1.508892E-01   8.491108E-01   1.226490E+01
 7.415791E-01   0.000000E+00   0.000000E+00   0.000000E+00   1.333207E-01   8.666793E-01   1.417372E+01
 8.128037E-01   0.000000E+00   0.000000E+00   0.000000E+00   1.165314E-01   8.834686E-01   1.655008E+01
 8.786916E-01   0.000000E+00   0.000000E+00   0.000000E+00   9.880666E-02   9.011933E-01   1.995785E+01
 9.378421E-01   0.000000E+00   0.000000E+00   0.000000E+00   7.904511E-02   9.209549E-01   2.560452E+01
 r/a            s_alpha        s_alpha_i      s_alpha_e      frac_ai        frac_ae        E_alpha/E_c
                (MW/cm^3)      (MW/cm^3)      (MW/cm^3)                                    
 0.000000E+00   0.000000E+00   0.000000E+00   0.000000E+00   3.436472E-01   6.563528E-01   4.313396E+00
 8.014993E-02   0.000000E+00   0.000000E+00   0.000000E+00   3.284600E-01   6.715400E-01   4.594134E+00
 1.598893E-01   0.000000E+00   0.000000E+00   0.000000E+00   3.015250E-01   6.984750E-01   5.163839E+00
 2.424889E-01   0.000000E+00   0.000000E+00   0.000000E+00   2.740307E-01   7.259693E-01   5.864543E+00
 3.280403E-01   0.000000E+00   0.000000E+00   0.000000E+00   2.434613E-01   7.565387E-01   6.835236E+00
 4.154271E-01   0.000000E+00   0.000000E+00   0.000000E+00   2.161321E-01   7.838679E-01   7.942698E+00
 5.019825E-01   0.000000E+00   0.000000E+00   0.000000E+00   1.916833E-01   8.083167E-01   9.209162E+00
 5.857234E-01   0.000000E+00   0.000000E+00   0.000000E+00   1.696863E-01   8.303137E-01   1.066973E+01
 6.656741E-01   0.000000E+00   0.000000E+00   0.000000E+00   1.505903E-01   8.494097E-01   1.229357E+01
 7.415791E-01   0.000000E+00   0.000000E+00   0.000000E+00   1.325619E-01   8.674381E-01   1.426785E+01
 8.128037E-01   0.000000E+00   0.000000E+00   0.000000E+00   1.153243E-01   8.846757E-01   1.674824E+01
 8.786916E-01   0.000000E+00   0.000000E+00   0.000000E+00   9.854910E-02   9.014509E-01   2.001661E+01
 9.378421E-01   0.000000E+00   0.000000E+00   0.000000E+00   7.904511E-02   9.209549E-01   2.560452E+01
 r/a            s_alpha        s_alpha_i      s_alpha_e      frac_ai        frac_ae        E_alpha/E_c
                (MW/cm^3)      (MW/cm^3)      (MW/cm^3)                                    
 0.000000E+00   0.000000E+00   0.000000E+00   0.000000E+00   3.522716E-01   6.477284E-01   4.165077E+00
 8.014993E-02   0.000000E+00   0.000000E+00   0.000000E+00   3.323061E-01   6.676939E-01   4.520535E+00
 1.598893E-01   0.000000E+00   0.000000E+00   0.000000E+00   3.011028E-01   6.988972E-01   5.173605E+00
 2.424889E-01   0.000000E+00   0.000000E+00   0.000000E+00   2.738607E-01   7.261393E-01   5.869327E+00
 3.280403E-01   0.000000E+00   0.000000E+00   0.000000E+00   2.442539E-01   7.557461E-01   6.806911E+00
 4.154271E-01   0.000000E+00   0.000000E+00   0.000000E+00   2.168395E-01   7.831605E-01   7.910413E+00
 5.019825E-01   0.000000E+00   0.000000E+00   0.000000E+00   1.916510E-01   8.083490E-01   9.211055E+00
 5.857234E-01   0.000000E+00   0.000000E+00   0.000000E+00   1.697612E-01   8.302388E-01   1.066409E+01
 6.656741E-01   0.000000E+00   0.000000E+00   0.000000E+00   1.506739E-01   8.493261E-01   1.228554E+01
 7.415791E-01   0.000000E+00   0.000000E+00   0.000000E+00   1.325670E-01   8.674330E-01   1.426722E+01
 8.128037E-01   0.000000E+00   0.000000E+00   0.000000E+00   1.152827E-01   8.847173E-01   1.675514E+01
 8.786916E-01   0.000000E+00   0.000000E+00   0.000000E+00   9.852879E-02   9.014712E-01   2.002126E+01
 9.378421E-01   0.000000E+00   0.000000E+00   0.000000E+00   7.904511E-02   9.209549E-01   2.560452E+01
 r/a            s_alpha        s_alpha_i      s_alpha_e      frac_ai        frac_ae        E_alpha/E_c
                (MW/cm^3)      (MW/cm^3)      (MW/cm^3)                                    
 0.000000E+00   0.000000E+00   0.000000E+00   0.000000E+00   3.485854E-01   6.514146E-01   4.227544E+00
 8.014993E-02   0.000000E+00   0.000000E+00   0.000000E+00   3.287388E-01   6.712612E-01   4.588738E+00
 1.598893E-01   0.000000E+00   0.000000E+00   0.000000E+00   2.978468E-01   7.021532E-01   5.249876E+00
 2.424889E-01   0.000000E+00   0.000000E+00   0.000000E+00   2.710412E-01   7.289588E-01   5.949552E+00
 3.280403E-01   0.000000E+00   0.000000E+00   0.000000E+00   2.423208E-01   7.576792E-01   6.876328E+00
 4.154271E-01   0.000000E+00   0.000000E+00   0.000000E+00   2.162341E-01   7.837659E-01   7.938027E+00
 5.019825E-01   0.000000E+00   0.000000E+00   0.000000E+00   1.918679E-01   8.081321E-01   9.198354E+00
 5.857234E-01   0.000000E+00   0.000000E+00   0.000000E+00   1.701645E-01   8.298355E-01   1.063385E+01
 6.656741E-01   0.000000E+00   0.000000E+00   0.000000E+00   1.510303E-01   8.489697E-01   1.225141E+01
 7.415791E-01   0.000000E+00   0.000000E+00   0.000000E+00   1.326671E-01   8.673329E-01   1.425474E+01
 8.128037E-01   0.000000E+00   0.000000E+00   0.000000E+00   1.152330E-01   8.847670E-01   1.676339E+01
 8.786916E-01   0.000000E+00   0.000000E+00   0.000000E+00   9.851581E-02   9.014842E-01   2.002423E+01
 9.378421E-01   0.000000E+00   0.000000E+00   0.000000E+00   7.904511E-02   9.209549E-01   2.560452E+01
 r/a            s_alpha        s_alpha_i      s_alpha_e      frac_ai        frac_ae        E_alpha/E_c
                (MW/cm^3)      (MW/cm^3)      (MW/cm^3)                                    
 0.000000E+00   0.000000E+00   0.000000E+00   0.000000E+00   3.494535E-01   6.505465E-01   4.212709E+00
 8.014993E-02   0.000000E+00   0.000000E+00   0.000000E+00   3.295813E-01   6.704187E-01   4.572493E+00
 1.598893E-01   0.000000E+00   0.000000E+00   0.000000E+00   2.986937E-01   7.013063E-01   5.229872E+00
 2.424889E-01   0.000000E+00   0.000000E+00   0.000000E+00   2.718946E-01   7.281054E-01   5.925089E+00
 3.280403E-01   0.000000E+00   0.000000E+00   0.000000E+00   2.433512E-01   7.566488E-01   6.839188E+00
 4.154271E-01   0.000000E+00   0.000000E+00   0.000000E+00   2.168865E-01   7.831135E-01   7.908274E+00
 5.019825E-01   0.000000E+00   0.000000E+00   0.000000E+00   1.919781E-01   8.080219E-01   9.191918E+00
 5.857234E-01   0.000000E+00   0.000000E+00   0.000000E+00   1.702298E-01   8.297702E-01   1.062897E+01
 6.656741E-01   0.000000E+00   0.000000E+00   0.000000E+00   1.510695E-01   8.489305E-01   1.224768E+01
 7.415791E-01   0.000000E+00   0.000000E+00   0.000000E+00   1.326838E-01   8.673162E-01   1.425266E+01
 8.128037E-01   0.000000E+00   0.000000E+00   0.000000E+00   1.152374E-01   8.847626E-01   1.676265E+01
 8.786916E-01   0.000000E+00   0.000000E+00   0.000000E+00   9.852032E-02   9.014797E-01   2.002320E+01
 9.378421E-01   0.000000E+00   0.000000E+00   0.000000E+00   7.904511E-02   9.209549E-01   2.560452E+01
 r/a            s_alpha        s_alpha_i      s_alpha_e      frac_ai        frac_ae        E_alpha/E_c
                (MW/cm^3)      (MW/cm^3)      (MW/cm^3)                                    
 0.000000E+00   0.000000E+00   0.000000E+00   0.000000E+00   3.499260E-01   6.500740E-01   4.204668E+00
 8.014993E-02   0.000000E+00   0.000000E+00   0.000000E+00   3.300826E-01   6.699174E-01   4.562868E+00
 1.598893E-01   0.000000E+00   0.000000E+00   0.000000E+00   2.991742E-01   7.008258E-01   5.218577E+00
 2.424889E-01   0.000000E+00   0.000000E+00   0.000000E+00   2.723075E-01   7.276925E-01   5.913308E+00
 3.280403E-01   0.000000E+00   0.000000E+00   0.000000E+00   2.437338E-01   7.562662E-01   6.825475E+00
 4.154271E-01   0.000000E+00   0.000000E+00   0.000000E+00   2.170787E-01   7.829213E-01   7.899544E+00
 5.019825E-01   0.000000E+00   0.000000E+00   0.000000E+00   1.920011E-01   8.079989E-01   9.190572E+00
 5.857234E-01   0.000000E+00   0.000000E+00   0.000000E+00   1.702445E-01   8.297555E-01   1.062788E+01
 6.656741E-01   0.000000E+00   0.000000E+00   0.000000E+00   1.510772E-01   8.489228E-01   1.224694E+01
 7.415791E-01   0.000000E+00   0.000000E+00   0.000000E+00   1.326852E-01   8.673148E-01   1.425249E+01
 8.128037E-01   0.000000E+00   0.000000E+00   0.000000E+00   1.152355E-01   8.847645E-01   1.676297E+01
 8.786916E-01   0.000000E+00   0.000000E+00   0.000000E+00   9.851995E-02   9.014801E-01   2.002328E+01
 9.378421E-01   0.000000E+00   0.000000E+00   0.000000E+00   7.904511E-02   9.209549E-01   2.560452E+01
 r/a            s_alpha        s_alpha_i      s_alpha_e      frac_ai        frac_ae        E_alpha/E_c
                (MW/cm^3)      (MW/cm^3)      (MW/cm^3)                                    
 0.000000E+00   0.000000E+00   0.000000E+00   0.000000E+00   3.499994E-01   6.500006E-01   4.203421E+00
 8.014993E-02   0.000000E+00   0.000000E+00   0.000000E+00   3.302710E-01   6.697290E-01   4.559259E+00
 1.598893E-01   0.000000E+00   0.000000E+00   0.000000E+00   2.994332E-01   7.005668E-01   5.212502E+00
 2.424889E-01   0.000000E+00   0.000000E+00   0.000000E+00   2.725198E-01   7.274802E-01   5.907268E+00
 3.280403E-01   0.000000E+00   0.000000E+00   0.000000E+00   2.439378E-01   7.560622E-01   6.818187E+00
 4.154271E-01   0.000000E+00   0.000000E+00   0.000000E+00   2.171860E-01   7.828140E-01   7.894678E+00
 5.019825E-01   0.000000E+00   0.000000E+00   0.000000E+00   1.920151E-01   8.079849E-01   9.189758E+00
 5.857234E-01   0.000000E+00   0.000000E+00   0.000000E+00   1.702533E-01   8.297467E-01   1.062721E+01
 6.656741E-01   0.000000E+00   0.000000E+00   0.000000E+00   1.510819E-01   8.489181E-01   1.224648E+01
 7.415791E-01   0.000000E+00   0.000000E+00   0.000000E+00   1.326861E-01   8.673139E-01   1.425237E+01
 8.128037E-01   0.000000E+00   0.000000E+00   0.000000E+00   1.152345E-01   8.847655E-01   1.676315E+01
 8.786916E-01   0.000000E+00   0.000000E+00   0.000000E+00   9.851977E-02   9.014802E-01   2.002332E+01
 9.378421E-01   0.000000E+00   0.000000E+00   0.000000E+00   7.904511E-02   9.209549E-01   2.560452E+01
 r/a            s_alpha        s_alpha_i      s_alpha_e      frac_ai        frac_ae        E_alpha/E_c
                (MW/cm^3)      (MW/cm^3)      (MW/cm^3)                                    
 0.000000E+00   0.000000E+00   0.000000E+00   0.000000E+00   3.498970E-01   6.501030E-01   4.205161E+00
 8.014993E-02   0.000000E+00   0.000000E+00   0.000000E+00   3.303210E-01   6.696790E-01   4.558300E+00
 1.598893E-01   0.000000E+00   0.000000E+00   0.000000E+00   2.996075E-01   7.003925E-01   5.208421E+00
 2.424889E-01   0.000000E+00   0.000000E+00   0.000000E+00   2.726699E-01   7.273301E-01   5.903001E+00
 3.280403E-01   0.000000E+00   0.000000E+00   0.000000E+00   2.440808E-01   7.559192E-01   6.813080E+00
 4.154271E-01   0.000000E+00   0.000000E+00   0.000000E+00   2.172597E-01   7.827403E-01   7.891338E+00
 5.019825E-01   0.000000E+00   0.000000E+00   0.000000E+00   1.920234E-01   8.079766E-01   9.189271E+00
 5.857234E-01   0.000000E+00   0.000000E+00   0.000000E+00   1.702581E-01   8.297419E-01   1.062685E+01
 6.656741E-01   0.000000E+00   0.000000E+00   0.000000E+00   1.510847E-01   8.489153E-01   1.224622E+01
 7.415791E-01   0.000000E+00   0.000000E+00   0.000000E+00   1.326869E-01   8.673131E-01   1.425228E+01
 8.128037E-01   0.000000E+00   0.000000E+00   0.000000E+00   1.152338E-01   8.847662E-01   1.676326E+01
 8.786916E-01   0.000000E+00   0.000000E+00   0.000000E+00   9.851968E-02   9.014803E-01   2.002334E+01
 9.378421E-01   0.000000E+00   0.000000E+00   0.000000E+00   7.904511E-02   9.209549E-01   2.560452E+01
 r/a            s_alpha        s_alpha_i      s_alpha_e      frac_ai        frac_ae        E_alpha/E_c
                (MW/cm^3)      (MW/cm^3)      (MW/cm^3)                                    
 0.000000E+00   0.000000E+00   0.000000E+00   0.000000E+00   3.498017E-01   6.501983E-01   4.206781E+00
 8.014993E-02   0.000000E+00   0.000000E+00   0.000000E+00   3.303505E-01   6.696495E-01   4.557737E+00
 1.598893E-01   0.000000E+00   0.000000E+00   0.000000E+00   2.997367E-01   7.002633E-01   5.205397E+00
 2.424889E-01   0.000000E+00   0.000000E+00   0.000000E+00   2.727788E-01   7.272212E-01   5.899910E+00
 3.280403E-01   0.000000E+00   0.000000E+00   0.000000E+00   2.441837E-01   7.558163E-01   6.809413E+00
 4.154271E-01   0.000000E+00   0.000000E+00   0.000000E+00   2.173124E-01   7.826876E-01   7.888950E+00
 5.019825E-01   0.000000E+00   0.000000E+00   0.000000E+00   1.920299E-01   8.079701E-01   9.188893E+00
 5.857234E-01   0.000000E+00   0.000000E+00   0.000000E+00   1.702619E-01   8.297381E-01   1.062657E+01
 6.656741E-01   0.000000E+00   0.000000E+00   0.000000E+00   1.510868E-01   8.489132E-01   1.224602E+01
 7.415791E-01   0.000000E+00   0.000000E+00   0.000000E+00   1.326875E-01   8.673125E-01   1.425220E+01
 8.128037E-01   0.000000E+00   0.000000E+00   0.000000E+00   1.152333E-01   8.847667E-01   1.676334E+01
 8.786916E-01   0.000000E+00   0.000000E+00   0.000000E+00   9.851964E-02   9.014804E-01   2.002335E+01
 9.378421E-01   0.000000E+00   0.000000E+00   0.000000E+00   7.904511E-02   9.209549E-01   2.560452E+01
 r/a            s_alpha        s_alpha_i      s_alpha_e      frac_ai        frac_ae        E_alpha/E_c
                (MW/cm^3)      (MW/cm^3)      (MW/cm^3)                                    
 0.000000E+00   0.000000E+00   0.000000E+00   0.000000E+00   3.497164E-01   6.502836E-01   4.208234E+00
 8.014993E-02   0.000000E+00   0.000000E+00   0.000000E+00   3.303697E-01   6.696303E-01   4.557369E+00
 1.598893E-01   0.000000E+00   0.000000E+00   0.000000E+00   2.998389E-01   7.001611E-01   5.203009E+00
 2.424889E-01   0.000000E+00   0.000000E+00   0.000000E+00   2.728633E-01   7.271367E-01   5.897511E+00
 3.280403E-01   0.000000E+00   0.000000E+00   0.000000E+00   2.442632E-01   7.557368E-01   6.806580E+00
 4.154271E-01   0.000000E+00   0.000000E+00   0.000000E+00   2.173530E-01   7.826470E-01   7.887112E+00
 5.019825E-01   0.000000E+00   0.000000E+00   0.000000E+00   1.920349E-01   8.079651E-01   9.188600E+00
 5.857234E-01   0.000000E+00   0.000000E+00   0.000000E+00   1.702648E-01   8.297352E-01   1.062635E+01
 6.656741E-01   0.000000E+00   0.000000E+00   0.000000E+00   1.510885E-01   8.489115E-01   1.224586E+01
 7.415791E-01   0.000000E+00   0.000000E+00   0.000000E+00   1.326880E-01   8.673120E-01   1.425214E+01
 8.128037E-01   0.000000E+00   0.000000E+00   0.000000E+00   1.152329E-01   8.847671E-01   1.676340E+01
 8.786916E-01   0.000000E+00   0.000000E+00   0.000000E+00   9.851961E-02   9.014804E-01   2.002336E+01
 9.378421E-01   0.000000E+00   0.000000E+00   0.000000E+00   7.904511E-02   9.209549E-01   2.560452E+01
 r/a            s_alpha        s_alpha_i      s_alpha_e      frac_ai        frac_ae        E_alpha/E_c
                (MW/cm^3)      (MW/cm^3)      (MW/cm^3)                                    
 0.000000E+00   0.000000E+00   0.000000E+00   0.000000E+00   3.496541E-01   6.503459E-01   4.209294E+00
 8.014993E-02   0.000000E+00   0.000000E+00   0.000000E+00   3.303889E-01   6.696111E-01   4.557001E+00
 1.598893E-01   0.000000E+00   0.000000E+00   0.000000E+00   2.999207E-01   7.000793E-01   5.201099E+00
 2.424889E-01   0.000000E+00   0.000000E+00   0.000000E+00   2.729288E-01   7.270712E-01   5.895652E+00
 3.280403E-01   0.000000E+00   0.000000E+00   0.000000E+00   2.443232E-01   7.556768E-01   6.804445E+00
 4.154271E-01   0.000000E+00   0.000000E+00   0.000000E+00   2.173837E-01   7.826163E-01   7.885723E+00
 5.019825E-01   0.000000E+00   0.000000E+00   0.000000E+00   1.920396E-01   8.079604E-01   9.188325E+00
 5.857234E-01   0.000000E+00   0.000000E+00   0.000000E+00   1.702675E-01   8.297325E-01   1.062615E+01
 6.656741E-01   0.000000E+00   0.000000E+00   0.000000E+00   1.510901E-01   8.489099E-01   1.224570E+01
 7.415791E-01   0.000000E+00   0.000000E+00   0.000000E+00   1.326886E-01   8.673114E-01   1.425206E+01
 8.128037E-01   0.000000E+00   0.000000E+00   0.000000E+00   1.152327E-01   8.847673E-01   1.676343E+01
 8.786916E-01   0.000000E+00   0.000000E+00   0.000000E+00   9.851964E-02   9.014804E-01   2.002335E+01
 9.378421E-01   0.000000E+00   0.000000E+00   0.000000E+00   7.904511E-02   9.209549E-01   2.560452E+01
 r/a            s_alpha        s_alpha_i      s_alpha_e      frac_ai        frac_ae        E_alpha/E_c
                (MW/cm^3)      (MW/cm^3)      (MW/cm^3)                                    
 0.000000E+00   0.000000E+00   0.000000E+00   0.000000E+00   3.495955E-01   6.504045E-01   4.210290E+00
 8.014993E-02   0.000000E+00   0.000000E+00   0.000000E+00   3.304024E-01   6.695976E-01   4.556743E+00
 1.598893E-01   0.000000E+00   0.000000E+00   0.000000E+00   2.999893E-01   7.000107E-01   5.199497E+00
 2.424889E-01   0.000000E+00   0.000000E+00   0.000000E+00   2.729833E-01   7.270167E-01   5.894107E+00
 3.280403E-01   0.000000E+00   0.000000E+00   0.000000E+00   2.443732E-01   7.556268E-01   6.802666E+00
 4.154271E-01   0.000000E+00   0.000000E+00   0.000000E+00   2.174093E-01   7.825907E-01   7.884567E+00
 5.019825E-01   0.000000E+00   0.000000E+00   0.000000E+00   1.920435E-01   8.079565E-01   9.188097E+00
 5.857234E-01   0.000000E+00   0.000000E+00   0.000000E+00   1.702698E-01   8.297302E-01   1.062598E+01
 6.656741E-01   0.000000E+00   0.000000E+00   0.000000E+00   1.510915E-01   8.489085E-01   1.224557E+01
 7.415791E-01   0.000000E+00   0.000000E+00   0.000000E+00   1.326891E-01   8.673109E-01   1.425201E+01
 8.128037E-01   0.000000E+00   0.000000E+00   0.000000E+00   1.152326E-01   8.847674E-01   1.676346E+01
 8.786916E-01   0.000000E+00   0.000000E+00   0.000000E+00   9.851967E-02   9.014803E-01   2.002334E+01
 9.378421E-01   0.000000E+00   0.000000E+00   0.000000E+00   7.904511E-02   9.209549E-01   2.560452E+01
 r/a            s_alpha        s_alpha_i      s_alpha_e      frac_ai        frac_ae        E_alpha/E_c
                (MW/cm^3)      (MW/cm^3)      (MW/cm^3)                                    
 0.000000E+00   0.000000E+00   0.000000E+00   0.000000E+00   3.495874E-01   6.504126E-01   4.210429E+00
 8.014993E-02   0.000000E+00   0.000000E+00   0.000000E+00   3.304038E-01   6.695962E-01   4.556717E+00
 1.598893E-01   0.000000E+00   0.000000E+00   0.000000E+00   2.999980E-01   7.000020E-01   5.199293E+00
 2.424889E-01   0.000000E+00   0.000000E+00   0.000000E+00   2.729903E-01   7.270097E-01   5.893909E+00
 3.280403E-01   0.000000E+00   0.000000E+00   0.000000E+00   2.443797E-01   7.556203E-01   6.802434E+00
 4.154271E-01   0.000000E+00   0.000000E+00   0.000000E+00   2.174126E-01   7.825874E-01   7.884416E+00
 5.019825E-01   0.000000E+00   0.000000E+00   0.000000E+00   1.920440E-01   8.079560E-01   9.188070E+00
 5.857234E-01   0.000000E+00   0.000000E+00   0.000000E+00   1.702701E-01   8.297299E-01   1.062596E+01
 6.656741E-01   0.000000E+00   0.000000E+00   0.000000E+00   1.510916E-01   8.489084E-01   1.224556E+01
 7.415791E-01   0.000000E+00   0.000000E+00   0.000000E+00   1.326891E-01   8.673109E-01   1.425200E+01
 8.128037E-01   0.000000E+00   0.000000E+00   0.000000E+00   1.152326E-01   8.847674E-01   1.676347E+01
 8.786916E-01   0.000000E+00   0.000000E+00   0.000000E+00   9.851968E-02   9.014803E-01   2.002334E+01
 9.378421E-01   0.000000E+00   0.000000E+00   0.000000E+00   7.904511E-02   9.209549E-01   2.560452E+01
 r/a            s_alpha        s_alpha_i      s_alpha_e      frac_ai        frac_ae        E_alpha/E_c
                (MW/cm^3)      (MW/cm^3)      (MW/cm^3)                                    
 0.000000E+00   0.000000E+00   0.000000E+00   0.000000E+00   3.495874E-01   6.504126E-01   4.210429E+00
 8.014993E-02   0.000000E+00   0.000000E+00   0.000000E+00   3.304038E-01   6.695962E-01   4.556717E+00
 1.598893E-01   0.000000E+00   0.000000E+00   0.000000E+00   2.999980E-01   7.000020E-01   5.199293E+00
 2.424889E-01   0.000000E+00   0.000000E+00   0.000000E+00   2.729903E-01   7.270097E-01   5.893909E+00
 3.280403E-01   0.000000E+00   0.000000E+00   0.000000E+00   2.443797E-01   7.556203E-01   6.802434E+00
 4.154271E-01   0.000000E+00   0.000000E+00   0.000000E+00   2.174126E-01   7.825874E-01   7.884416E+00
 5.019825E-01   0.000000E+00   0.000000E+00   0.000000E+00   1.920440E-01   8.079560E-01   9.188070E+00
 5.857234E-01   0.000000E+00   0.000000E+00   0.000000E+00   1.702701E-01   8.297299E-01   1.062596E+01
 6.656741E-01   0.000000E+00   0.000000E+00   0.000000E+00   1.510916E-01   8.489084E-01   1.224556E+01
 7.415791E-01   0.000000E+00   0.000000E+00   0.000000E+00   1.326891E-01   8.673109E-01   1.425200E+01
 8.128037E-01   0.000000E+00   0.000000E+00   0.000000E+00   1.152326E-01   8.847674E-01   1.676347E+01
 8.786916E-01   0.000000E+00   0.000000E+00   0.000000E+00   9.851968E-02   9.014803E-01   2.002334E+01
 9.378421E-01   0.000000E+00   0.000000E+00   0.000000E+00   7.904511E-02   9.209549E-01   2.560452E+01
