 r/a            s_alpha        s_alpha_i      s_alpha_e      frac_ai        frac_ae        E_alpha/E_c
                (MW/cm^3)      (MW/cm^3)      (MW/cm^3)                                    
 0.000000E+00   0.000000E+00   0.000000E+00   0.000000E+00   2.618263E-01   7.381737E-01   6.224150E+00
 5.772226E-02   0.000000E+00   0.000000E+00   0.000000E+00   2.599456E-01   7.400544E-01   6.282654E+00
 1.314305E-01   0.000000E+00   0.000000E+00   0.000000E+00   2.566252E-01   7.433748E-01   6.388094E+00
 2.193195E-01   0.000000E+00   0.000000E+00   0.000000E+00   2.472633E-01   7.527367E-01   6.701068E+00
 3.117456E-01   0.000000E+00   0.000000E+00   0.000000E+00   2.244252E-01   7.755748E-01   7.577346E+00
 4.022920E-01   0.000000E+00   0.000000E+00   0.000000E+00   2.001227E-01   7.998773E-01   8.736088E+00
 4.901875E-01   0.000000E+00   0.000000E+00   0.000000E+00   1.797936E-01   8.202064E-01   9.953092E+00
 5.748808E-01   0.000000E+00   0.000000E+00   0.000000E+00   1.610258E-01   8.389742E-01   1.135727E+01
 6.557436E-01   0.000000E+00   0.000000E+00   0.000000E+00   1.435324E-01   8.564676E-01   1.300600E+01
 7.325708E-01   0.000000E+00   0.000000E+00   0.000000E+00   1.267464E-01   8.732536E-01   1.502756E+01
 8.049304E-01   0.000000E+00   0.000000E+00   0.000000E+00   1.108198E-01   8.891802E-01   1.752664E+01
 8.722654E-01   0.000000E+00   0.000000E+00   0.000000E+00   9.376013E-02   9.062399E-01   2.116920E+01
 9.339674E-01   0.000000E+00   0.000000E+00   0.000000E+00   7.902215E-02   9.209778E-01   2.561276E+01
 r/a            s_alpha        s_alpha_i      s_alpha_e      frac_ai        frac_ae        E_alpha/E_c
                (MW/cm^3)      (MW/cm^3)      (MW/cm^3)                                    
 0.000000E+00   0.000000E+00   0.000000E+00   0.000000E+00   2.576402E-01   7.423598E-01   6.355567E+00
 5.772226E-02   0.000000E+00   0.000000E+00   0.000000E+00   2.566787E-01   7.433213E-01   6.386372E+00
 1.314305E-01   0.000000E+00   0.000000E+00   0.000000E+00   2.552794E-01   7.447206E-01   6.431633E+00
 2.193195E-01   0.000000E+00   0.000000E+00   0.000000E+00   2.471533E-01   7.528467E-01   6.704891E+00
 3.117456E-01   0.000000E+00   0.000000E+00   0.000000E+00   2.247642E-01   7.752358E-01   7.563003E+00
 4.022920E-01   0.000000E+00   0.000000E+00   0.000000E+00   2.007080E-01   7.992920E-01   8.704787E+00
 4.901875E-01   0.000000E+00   0.000000E+00   0.000000E+00   1.805211E-01   8.194789E-01   9.904681E+00
 5.748808E-01   0.000000E+00   0.000000E+00   0.000000E+00   1.617739E-01   8.382261E-01   1.129490E+01
 6.557436E-01   0.000000E+00   0.000000E+00   0.000000E+00   1.442804E-01   8.557196E-01   1.292712E+01
 7.325708E-01   0.000000E+00   0.000000E+00   0.000000E+00   1.274784E-01   8.725216E-01   1.492804E+01
 8.049304E-01   0.000000E+00   0.000000E+00   0.000000E+00   1.114880E-01   8.885120E-01   1.740711E+01
 8.722654E-01   0.000000E+00   0.000000E+00   0.000000E+00   9.436225E-02   9.056378E-01   2.101772E+01
 9.339674E-01   0.000000E+00   0.000000E+00   0.000000E+00   7.902215E-02   9.209778E-01   2.561276E+01
 r/a            s_alpha        s_alpha_i      s_alpha_e      frac_ai        frac_ae        E_alpha/E_c
                (MW/cm^3)      (MW/cm^3)      (MW/cm^3)                                    
 0.000000E+00   0.000000E+00   0.000000E+00   0.000000E+00   2.625094E-01   7.374906E-01   6.203113E+00
 5.772226E-02   0.000000E+00   0.000000E+00   0.000000E+00   2.620160E-01   7.379840E-01   6.218297E+00
 1.314305E-01   0.000000E+00   0.000000E+00   0.000000E+00   2.597139E-01   7.402861E-01   6.289921E+00
 2.193195E-01   0.000000E+00   0.000000E+00   0.000000E+00   2.492590E-01   7.507410E-01   6.632325E+00
 3.117456E-01   0.000000E+00   0.000000E+00   0.000000E+00   2.263248E-01   7.736752E-01   7.497530E+00
 4.022920E-01   0.000000E+00   0.000000E+00   0.000000E+00   2.020422E-01   7.979578E-01   8.634144E+00
 4.901875E-01   0.000000E+00   0.000000E+00   0.000000E+00   1.814981E-01   8.185019E-01   9.840298E+00
 5.748808E-01   0.000000E+00   0.000000E+00   0.000000E+00   1.624973E-01   8.375027E-01   1.123515E+01
 6.557436E-01   0.000000E+00   0.000000E+00   0.000000E+00   1.448311E-01   8.551689E-01   1.286957E+01
 7.325708E-01   0.000000E+00   0.000000E+00   0.000000E+00   1.278569E-01   8.721431E-01   1.487703E+01
 8.049304E-01   0.000000E+00   0.000000E+00   0.000000E+00   1.117141E-01   8.882859E-01   1.736699E+01
 8.722654E-01   0.000000E+00   0.000000E+00   0.000000E+00   9.458595E-02   9.054141E-01   2.096194E+01
 9.339674E-01   0.000000E+00   0.000000E+00   0.000000E+00   7.902215E-02   9.209778E-01   2.561276E+01
 r/a            s_alpha        s_alpha_i      s_alpha_e      frac_ai        frac_ae        E_alpha/E_c
                (MW/cm^3)      (MW/cm^3)      (MW/cm^3)                                    
 0.000000E+00   0.000000E+00   0.000000E+00   0.000000E+00   2.700578E-01   7.299422E-01   5.977939E+00
 5.772226E-02   0.000000E+00   0.000000E+00   0.000000E+00   2.665682E-01   7.334318E-01   6.080407E+00
 1.314305E-01   0.000000E+00   0.000000E+00   0.000000E+00   2.599793E-01   7.400207E-01   6.281597E+00
 2.193195E-01   0.000000E+00   0.000000E+00   0.000000E+00   2.495543E-01   7.504457E-01   6.622247E+00
 3.117456E-01   0.000000E+00   0.000000E+00   0.000000E+00   2.277223E-01   7.722777E-01   7.439683E+00
 4.022920E-01   0.000000E+00   0.000000E+00   0.000000E+00   2.036034E-01   7.963966E-01   8.552691E+00
 4.901875E-01   0.000000E+00   0.000000E+00   0.000000E+00   1.827265E-01   8.172735E-01   9.760351E+00
 5.748808E-01   0.000000E+00   0.000000E+00   0.000000E+00   1.636341E-01   8.363659E-01   1.114235E+01
 6.557436E-01   0.000000E+00   0.000000E+00   0.000000E+00   1.460178E-01   8.539822E-01   1.274708E+01
 7.325708E-01   0.000000E+00   0.000000E+00   0.000000E+00   1.290264E-01   8.709736E-01   1.472137E+01
 8.049304E-01   0.000000E+00   0.000000E+00   0.000000E+00   1.126920E-01   8.873080E-01   1.719538E+01
 8.722654E-01   0.000000E+00   0.000000E+00   0.000000E+00   9.566113E-02   9.043389E-01   2.069758E+01
 9.339674E-01   0.000000E+00   0.000000E+00   0.000000E+00   7.902215E-02   9.209778E-01   2.561276E+01
 r/a            s_alpha        s_alpha_i      s_alpha_e      frac_ai        frac_ae        E_alpha/E_c
                (MW/cm^3)      (MW/cm^3)      (MW/cm^3)                                    
 0.000000E+00   0.000000E+00   0.000000E+00   0.000000E+00   2.851587E-01   7.148413E-01   5.564200E+00
 5.772226E-02   0.000000E+00   0.000000E+00   0.000000E+00   2.786462E-01   7.213538E-01   5.736978E+00
 1.314305E-01   0.000000E+00   0.000000E+00   0.000000E+00   2.644954E-01   7.355046E-01   6.142588E+00
 2.193195E-01   0.000000E+00   0.000000E+00   0.000000E+00   2.515358E-01   7.484642E-01   6.555268E+00
 3.117456E-01   0.000000E+00   0.000000E+00   0.000000E+00   2.316048E-01   7.683952E-01   7.282736E+00
 4.022920E-01   0.000000E+00   0.000000E+00   0.000000E+00   2.062311E-01   7.937689E-01   8.418443E+00
 4.901875E-01   0.000000E+00   0.000000E+00   0.000000E+00   1.840567E-01   8.159433E-01   9.675012E+00
 5.748808E-01   0.000000E+00   0.000000E+00   0.000000E+00   1.648237E-01   8.351763E-01   1.104664E+01
 6.557436E-01   0.000000E+00   0.000000E+00   0.000000E+00   1.471681E-01   8.528319E-01   1.263027E+01
 7.325708E-01   0.000000E+00   0.000000E+00   0.000000E+00   1.300457E-01   8.699543E-01   1.458802E+01
 8.049304E-01   0.000000E+00   0.000000E+00   0.000000E+00   1.134678E-01   8.865322E-01   1.706139E+01
 8.722654E-01   0.000000E+00   0.000000E+00   0.000000E+00   9.658691E-02   9.034131E-01   2.047476E+01
 9.339674E-01   0.000000E+00   0.000000E+00   0.000000E+00   7.902215E-02   9.209778E-01   2.561276E+01
 r/a            s_alpha        s_alpha_i      s_alpha_e      frac_ai        frac_ae        E_alpha/E_c
                (MW/cm^3)      (MW/cm^3)      (MW/cm^3)                                    
 0.000000E+00   0.000000E+00   0.000000E+00   0.000000E+00   2.962564E-01   7.037436E-01   5.287757E+00
 5.772226E-02   0.000000E+00   0.000000E+00   0.000000E+00   2.893337E-01   7.106663E-01   5.457642E+00
 1.314305E-01   0.000000E+00   0.000000E+00   0.000000E+00   2.743110E-01   7.256890E-01   5.856671E+00
 2.193195E-01   0.000000E+00   0.000000E+00   0.000000E+00   2.563420E-01   7.436580E-01   6.397219E+00
 3.117456E-01   0.000000E+00   0.000000E+00   0.000000E+00   2.319770E-01   7.680230E-01   7.267973E+00
 4.022920E-01   0.000000E+00   0.000000E+00   0.000000E+00   2.067392E-01   7.932608E-01   8.392889E+00
 4.901875E-01   0.000000E+00   0.000000E+00   0.000000E+00   1.844962E-01   8.155038E-01   9.647090E+00
 5.748808E-01   0.000000E+00   0.000000E+00   0.000000E+00   1.652112E-01   8.347888E-01   1.101577E+01
 6.557436E-01   0.000000E+00   0.000000E+00   0.000000E+00   1.475167E-01   8.524833E-01   1.259525E+01
 7.325708E-01   0.000000E+00   0.000000E+00   0.000000E+00   1.303367E-01   8.696633E-01   1.455035E+01
 8.049304E-01   0.000000E+00   0.000000E+00   0.000000E+00   1.136399E-01   8.863601E-01   1.703193E+01
 8.722654E-01   0.000000E+00   0.000000E+00   0.000000E+00   9.680366E-02   9.031963E-01   2.042322E+01
 9.339674E-01   0.000000E+00   0.000000E+00   0.000000E+00   7.902215E-02   9.209778E-01   2.561276E+01
 r/a            s_alpha        s_alpha_i      s_alpha_e      frac_ai        frac_ae        E_alpha/E_c
                (MW/cm^3)      (MW/cm^3)      (MW/cm^3)                                    
 0.000000E+00   0.000000E+00   0.000000E+00   0.000000E+00   3.135827E-01   6.864173E-01   4.896347E+00
 5.772226E-02   0.000000E+00   0.000000E+00   0.000000E+00   3.059328E-01   6.940672E-01   5.063538E+00
 1.314305E-01   0.000000E+00   0.000000E+00   0.000000E+00   2.872978E-01   7.127022E-01   5.509206E+00
 2.193195E-01   0.000000E+00   0.000000E+00   0.000000E+00   2.614135E-01   7.385865E-01   6.236918E+00
 3.117456E-01   0.000000E+00   0.000000E+00   0.000000E+00   2.326859E-01   7.673141E-01   7.239990E+00
 4.022920E-01   0.000000E+00   0.000000E+00   0.000000E+00   2.076324E-01   7.923676E-01   8.348279E+00
 4.901875E-01   0.000000E+00   0.000000E+00   0.000000E+00   1.850584E-01   8.149416E-01   9.611577E+00
 5.748808E-01   0.000000E+00   0.000000E+00   0.000000E+00   1.655909E-01   8.344091E-01   1.098567E+01
 6.557436E-01   0.000000E+00   0.000000E+00   0.000000E+00   1.478745E-01   8.521255E-01   1.255947E+01
 7.325708E-01   0.000000E+00   0.000000E+00   0.000000E+00   1.306492E-01   8.693508E-01   1.451008E+01
 8.049304E-01   0.000000E+00   0.000000E+00   0.000000E+00   1.138240E-01   8.861760E-01   1.700050E+01
 8.722654E-01   0.000000E+00   0.000000E+00   0.000000E+00   9.720068E-02   9.027993E-01   2.032942E+01
 9.339674E-01   0.000000E+00   0.000000E+00   0.000000E+00   7.902215E-02   9.209778E-01   2.561276E+01
 r/a            s_alpha        s_alpha_i      s_alpha_e      frac_ai        frac_ae        E_alpha/E_c
                (MW/cm^3)      (MW/cm^3)      (MW/cm^3)                                    
 0.000000E+00   0.000000E+00   0.000000E+00   0.000000E+00   3.243121E-01   6.756879E-01   4.675523E+00
 5.772226E-02   0.000000E+00   0.000000E+00   0.000000E+00   3.156143E-01   6.843857E-01   4.853349E+00
 1.314305E-01   0.000000E+00   0.000000E+00   0.000000E+00   2.914735E-01   7.085265E-01   5.404246E+00
 2.193195E-01   0.000000E+00   0.000000E+00   0.000000E+00   2.616893E-01   7.383107E-01   6.228382E+00
 3.117456E-01   0.000000E+00   0.000000E+00   0.000000E+00   2.337429E-01   7.662571E-01   7.198589E+00
 4.022920E-01   0.000000E+00   0.000000E+00   0.000000E+00   2.085235E-01   7.914765E-01   8.304167E+00
 4.901875E-01   0.000000E+00   0.000000E+00   0.000000E+00   1.855017E-01   8.144983E-01   9.583730E+00
 5.748808E-01   0.000000E+00   0.000000E+00   0.000000E+00   1.657625E-01   8.342375E-01   1.097210E+01
 6.557436E-01   0.000000E+00   0.000000E+00   0.000000E+00   1.480449E-01   8.519551E-01   1.254249E+01
 7.325708E-01   0.000000E+00   0.000000E+00   0.000000E+00   1.307981E-01   8.692019E-01   1.449097E+01
 8.049304E-01   0.000000E+00   0.000000E+00   0.000000E+00   1.139070E-01   8.860930E-01   1.698637E+01
 8.722654E-01   0.000000E+00   0.000000E+00   0.000000E+00   9.726278E-02   9.027372E-01   2.031482E+01
 9.339674E-01   0.000000E+00   0.000000E+00   0.000000E+00   7.902215E-02   9.209778E-01   2.561276E+01
 r/a            s_alpha        s_alpha_i      s_alpha_e      frac_ai        frac_ae        E_alpha/E_c
                (MW/cm^3)      (MW/cm^3)      (MW/cm^3)                                    
 0.000000E+00   0.000000E+00   0.000000E+00   0.000000E+00   3.320395E-01   6.679605E-01   4.525581E+00
 5.772226E-02   0.000000E+00   0.000000E+00   0.000000E+00   3.239888E-01   6.760112E-01   4.681957E+00
 1.314305E-01   0.000000E+00   0.000000E+00   0.000000E+00   2.961213E-01   7.038787E-01   5.290995E+00
 2.193195E-01   0.000000E+00   0.000000E+00   0.000000E+00   2.614941E-01   7.385059E-01   6.234422E+00
 3.117456E-01   0.000000E+00   0.000000E+00   0.000000E+00   2.337486E-01   7.662514E-01   7.198365E+00
 4.022920E-01   0.000000E+00   0.000000E+00   0.000000E+00   2.085811E-01   7.914189E-01   8.301327E+00
 4.901875E-01   0.000000E+00   0.000000E+00   0.000000E+00   1.855213E-01   8.144787E-01   9.582503E+00
 5.748808E-01   0.000000E+00   0.000000E+00   0.000000E+00   1.657693E-01   8.342307E-01   1.097157E+01
 6.557436E-01   0.000000E+00   0.000000E+00   0.000000E+00   1.480563E-01   8.519437E-01   1.254135E+01
 7.325708E-01   0.000000E+00   0.000000E+00   0.000000E+00   1.308109E-01   8.691891E-01   1.448933E+01
 8.049304E-01   0.000000E+00   0.000000E+00   0.000000E+00   1.139155E-01   8.860845E-01   1.698492E+01
 8.722654E-01   0.000000E+00   0.000000E+00   0.000000E+00   9.728011E-02   9.027199E-01   2.031075E+01
 9.339674E-01   0.000000E+00   0.000000E+00   0.000000E+00   7.902215E-02   9.209778E-01   2.561276E+01
 r/a            s_alpha        s_alpha_i      s_alpha_e      frac_ai        frac_ae        E_alpha/E_c
                (MW/cm^3)      (MW/cm^3)      (MW/cm^3)                                    
 0.000000E+00   0.000000E+00   0.000000E+00   0.000000E+00   3.335506E-01   6.664494E-01   4.497096E+00
 5.772226E-02   0.000000E+00   0.000000E+00   0.000000E+00   3.221336E-01   6.778664E-01   4.719134E+00
 1.314305E-01   0.000000E+00   0.000000E+00   0.000000E+00   2.938428E-01   7.061572E-01   5.346053E+00
 2.193195E-01   0.000000E+00   0.000000E+00   0.000000E+00   2.627702E-01   7.372298E-01   6.195113E+00
 3.117456E-01   0.000000E+00   0.000000E+00   0.000000E+00   2.343352E-01   7.656648E-01   7.175558E+00
 4.022920E-01   0.000000E+00   0.000000E+00   0.000000E+00   2.088714E-01   7.911286E-01   8.287050E+00
 4.901875E-01   0.000000E+00   0.000000E+00   0.000000E+00   1.856449E-01   8.143551E-01   9.574761E+00
 5.748808E-01   0.000000E+00   0.000000E+00   0.000000E+00   1.658289E-01   8.341711E-01   1.096686E+01
 6.557436E-01   0.000000E+00   0.000000E+00   0.000000E+00   1.481189E-01   8.518811E-01   1.253512E+01
 7.325708E-01   0.000000E+00   0.000000E+00   0.000000E+00   1.308686E-01   8.691314E-01   1.448192E+01
 8.049304E-01   0.000000E+00   0.000000E+00   0.000000E+00   1.139498E-01   8.860502E-01   1.697908E+01
 8.722654E-01   0.000000E+00   0.000000E+00   0.000000E+00   9.732733E-02   9.026727E-01   2.029966E+01
 9.339674E-01   0.000000E+00   0.000000E+00   0.000000E+00   7.902215E-02   9.209778E-01   2.561276E+01
 r/a            s_alpha        s_alpha_i      s_alpha_e      frac_ai        frac_ae        E_alpha/E_c
                (MW/cm^3)      (MW/cm^3)      (MW/cm^3)                                    
 0.000000E+00   0.000000E+00   0.000000E+00   0.000000E+00   3.313075E-01   6.686925E-01   4.539474E+00
 5.772226E-02   0.000000E+00   0.000000E+00   0.000000E+00   3.193957E-01   6.806043E-01   4.774813E+00
 1.314305E-01   0.000000E+00   0.000000E+00   0.000000E+00   2.930178E-01   7.069822E-01   5.366205E+00
 2.193195E-01   0.000000E+00   0.000000E+00   0.000000E+00   2.636734E-01   7.363266E-01   6.167525E+00
 3.117456E-01   0.000000E+00   0.000000E+00   0.000000E+00   2.341993E-01   7.658007E-01   7.180832E+00
 4.022920E-01   0.000000E+00   0.000000E+00   0.000000E+00   2.086690E-01   7.913310E-01   8.297000E+00
 4.901875E-01   0.000000E+00   0.000000E+00   0.000000E+00   1.855684E-01   8.144316E-01   9.579551E+00
 5.748808E-01   0.000000E+00   0.000000E+00   0.000000E+00   1.658924E-01   8.341076E-01   1.096186E+01
 6.557436E-01   0.000000E+00   0.000000E+00   0.000000E+00   1.481560E-01   8.518440E-01   1.253143E+01
 7.325708E-01   0.000000E+00   0.000000E+00   0.000000E+00   1.308829E-01   8.691171E-01   1.448009E+01
 8.049304E-01   0.000000E+00   0.000000E+00   0.000000E+00   1.139536E-01   8.860464E-01   1.697845E+01
 8.722654E-01   0.000000E+00   0.000000E+00   0.000000E+00   9.732917E-02   9.026708E-01   2.029923E+01
 9.339674E-01   0.000000E+00   0.000000E+00   0.000000E+00   7.902215E-02   9.209778E-01   2.561276E+01
 r/a            s_alpha        s_alpha_i      s_alpha_e      frac_ai        frac_ae        E_alpha/E_c
                (MW/cm^3)      (MW/cm^3)      (MW/cm^3)                                    
 0.000000E+00   0.000000E+00   0.000000E+00   0.000000E+00   3.325037E-01   6.674963E-01   4.516802E+00
 5.772226E-02   0.000000E+00   0.000000E+00   0.000000E+00   3.206572E-01   6.793428E-01   4.749037E+00
 1.314305E-01   0.000000E+00   0.000000E+00   0.000000E+00   2.936711E-01   7.063289E-01   5.350237E+00
 2.193195E-01   0.000000E+00   0.000000E+00   0.000000E+00   2.635883E-01   7.364117E-01   6.170117E+00
 3.117456E-01   0.000000E+00   0.000000E+00   0.000000E+00   2.341855E-01   7.658145E-01   7.181367E+00
 4.022920E-01   0.000000E+00   0.000000E+00   0.000000E+00   2.086989E-01   7.913011E-01   8.295528E+00
 4.901875E-01   0.000000E+00   0.000000E+00   0.000000E+00   1.855809E-01   8.144191E-01   9.578768E+00
 5.748808E-01   0.000000E+00   0.000000E+00   0.000000E+00   1.658869E-01   8.341131E-01   1.096229E+01
 6.557436E-01   0.000000E+00   0.000000E+00   0.000000E+00   1.481517E-01   8.518483E-01   1.253186E+01
 7.325708E-01   0.000000E+00   0.000000E+00   0.000000E+00   1.308800E-01   8.691200E-01   1.448047E+01
 8.049304E-01   0.000000E+00   0.000000E+00   0.000000E+00   1.139517E-01   8.860483E-01   1.697877E+01
 8.722654E-01   0.000000E+00   0.000000E+00   0.000000E+00   9.732791E-02   9.026721E-01   2.029953E+01
 9.339674E-01   0.000000E+00   0.000000E+00   0.000000E+00   7.902215E-02   9.209778E-01   2.561276E+01
 r/a            s_alpha        s_alpha_i      s_alpha_e      frac_ai        frac_ae        E_alpha/E_c
                (MW/cm^3)      (MW/cm^3)      (MW/cm^3)                                    
 0.000000E+00   0.000000E+00   0.000000E+00   0.000000E+00   3.297843E-01   6.702157E-01   4.568591E+00
 5.772226E-02   0.000000E+00   0.000000E+00   0.000000E+00   3.180677E-01   6.819323E-01   4.802175E+00
 1.314305E-01   0.000000E+00   0.000000E+00   0.000000E+00   2.926723E-01   7.073277E-01   5.374680E+00
 2.193195E-01   0.000000E+00   0.000000E+00   0.000000E+00   2.639862E-01   7.360138E-01   6.158018E+00
 3.117456E-01   0.000000E+00   0.000000E+00   0.000000E+00   2.343553E-01   7.656447E-01   7.174778E+00
 4.022920E-01   0.000000E+00   0.000000E+00   0.000000E+00   2.088496E-01   7.911504E-01   8.288118E+00
 4.901875E-01   0.000000E+00   0.000000E+00   0.000000E+00   1.856500E-01   8.143500E-01   9.574443E+00
 5.748808E-01   0.000000E+00   0.000000E+00   0.000000E+00   1.658809E-01   8.341191E-01   1.096277E+01
 6.557436E-01   0.000000E+00   0.000000E+00   0.000000E+00   1.481456E-01   8.518544E-01   1.253247E+01
 7.325708E-01   0.000000E+00   0.000000E+00   0.000000E+00   1.308755E-01   8.691245E-01   1.448104E+01
 8.049304E-01   0.000000E+00   0.000000E+00   0.000000E+00   1.139488E-01   8.860512E-01   1.697926E+01
 8.722654E-01   0.000000E+00   0.000000E+00   0.000000E+00   9.732568E-02   9.026743E-01   2.030005E+01
 9.339674E-01   0.000000E+00   0.000000E+00   0.000000E+00   7.902215E-02   9.209778E-01   2.561276E+01
 r/a            s_alpha        s_alpha_i      s_alpha_e      frac_ai        frac_ae        E_alpha/E_c
                (MW/cm^3)      (MW/cm^3)      (MW/cm^3)                                    
 0.000000E+00   0.000000E+00   0.000000E+00   0.000000E+00   3.260997E-01   6.739003E-01   4.640185E+00
 5.772226E-02   0.000000E+00   0.000000E+00   0.000000E+00   3.142627E-01   6.857373E-01   4.881892E+00
 1.314305E-01   0.000000E+00   0.000000E+00   0.000000E+00   2.903287E-01   7.096713E-01   5.432711E+00
 2.193195E-01   0.000000E+00   0.000000E+00   0.000000E+00   2.638002E-01   7.361998E-01   6.163668E+00
 3.117456E-01   0.000000E+00   0.000000E+00   0.000000E+00   2.344484E-01   7.655516E-01   7.171169E+00
 4.022920E-01   0.000000E+00   0.000000E+00   0.000000E+00   2.088775E-01   7.911225E-01   8.286748E+00
 4.901875E-01   0.000000E+00   0.000000E+00   0.000000E+00   1.856684E-01   8.143316E-01   9.573293E+00
 5.748808E-01   0.000000E+00   0.000000E+00   0.000000E+00   1.658979E-01   8.341021E-01   1.096143E+01
 6.557436E-01   0.000000E+00   0.000000E+00   0.000000E+00   1.481579E-01   8.518421E-01   1.253125E+01
 7.325708E-01   0.000000E+00   0.000000E+00   0.000000E+00   1.308852E-01   8.691148E-01   1.447980E+01
 8.049304E-01   0.000000E+00   0.000000E+00   0.000000E+00   1.139545E-01   8.860455E-01   1.697829E+01
 8.722654E-01   0.000000E+00   0.000000E+00   0.000000E+00   9.732860E-02   9.026714E-01   2.029936E+01
 9.339674E-01   0.000000E+00   0.000000E+00   0.000000E+00   7.902215E-02   9.209778E-01   2.561276E+01
 r/a            s_alpha        s_alpha_i      s_alpha_e      frac_ai        frac_ae        E_alpha/E_c
                (MW/cm^3)      (MW/cm^3)      (MW/cm^3)                                    
 0.000000E+00   0.000000E+00   0.000000E+00   0.000000E+00   3.260997E-01   6.739003E-01   4.640185E+00
 5.772226E-02   0.000000E+00   0.000000E+00   0.000000E+00   3.142627E-01   6.857373E-01   4.881892E+00
 1.314305E-01   0.000000E+00   0.000000E+00   0.000000E+00   2.903287E-01   7.096713E-01   5.432711E+00
 2.193195E-01   0.000000E+00   0.000000E+00   0.000000E+00   2.638002E-01   7.361998E-01   6.163668E+00
 3.117456E-01   0.000000E+00   0.000000E+00   0.000000E+00   2.344484E-01   7.655516E-01   7.171169E+00
 4.022920E-01   0.000000E+00   0.000000E+00   0.000000E+00   2.088775E-01   7.911225E-01   8.286748E+00
 4.901875E-01   0.000000E+00   0.000000E+00   0.000000E+00   1.856684E-01   8.143316E-01   9.573293E+00
 5.748808E-01   0.000000E+00   0.000000E+00   0.000000E+00   1.658979E-01   8.341021E-01   1.096143E+01
 6.557436E-01   0.000000E+00   0.000000E+00   0.000000E+00   1.481579E-01   8.518421E-01   1.253125E+01
 7.325708E-01   0.000000E+00   0.000000E+00   0.000000E+00   1.308852E-01   8.691148E-01   1.447980E+01
 8.049304E-01   0.000000E+00   0.000000E+00   0.000000E+00   1.139545E-01   8.860455E-01   1.697829E+01
 8.722654E-01   0.000000E+00   0.000000E+00   0.000000E+00   9.732860E-02   9.026714E-01   2.029936E+01
 9.339674E-01   0.000000E+00   0.000000E+00   0.000000E+00   7.902215E-02   9.209778E-01   2.561276E+01
 r/a            s_alpha        s_alpha_i      s_alpha_e      frac_ai        frac_ae        E_alpha/E_c
                (MW/cm^3)      (MW/cm^3)      (MW/cm^3)                                    
 0.000000E+00   0.000000E+00   0.000000E+00   0.000000E+00   3.257603E-01   6.742397E-01   4.646864E+00
 5.772226E-02   0.000000E+00   0.000000E+00   0.000000E+00   3.139944E-01   6.860056E-01   4.887589E+00
 1.314305E-01   0.000000E+00   0.000000E+00   0.000000E+00   2.902498E-01   7.097502E-01   5.434682E+00
 2.193195E-01   0.000000E+00   0.000000E+00   0.000000E+00   2.637855E-01   7.362145E-01   6.164116E+00
 3.117456E-01   0.000000E+00   0.000000E+00   0.000000E+00   2.344125E-01   7.655875E-01   7.172562E+00
 4.022920E-01   0.000000E+00   0.000000E+00   0.000000E+00   2.088723E-01   7.911277E-01   8.287004E+00
 4.901875E-01   0.000000E+00   0.000000E+00   0.000000E+00   1.856655E-01   8.143345E-01   9.573473E+00
 5.748808E-01   0.000000E+00   0.000000E+00   0.000000E+00   1.658937E-01   8.341063E-01   1.096176E+01
 6.557436E-01   0.000000E+00   0.000000E+00   0.000000E+00   1.481548E-01   8.518452E-01   1.253156E+01
 7.325708E-01   0.000000E+00   0.000000E+00   0.000000E+00   1.308834E-01   8.691166E-01   1.448003E+01
 8.049304E-01   0.000000E+00   0.000000E+00   0.000000E+00   1.139534E-01   8.860466E-01   1.697847E+01
 8.722654E-01   0.000000E+00   0.000000E+00   0.000000E+00   9.732786E-02   9.026721E-01   2.029954E+01
 9.339674E-01   0.000000E+00   0.000000E+00   0.000000E+00   7.902215E-02   9.209778E-01   2.561276E+01
 r/a            s_alpha        s_alpha_i      s_alpha_e      frac_ai        frac_ae        E_alpha/E_c
                (MW/cm^3)      (MW/cm^3)      (MW/cm^3)                                    
 0.000000E+00   0.000000E+00   0.000000E+00   0.000000E+00   3.257505E-01   6.742495E-01   4.647057E+00
 5.772226E-02   0.000000E+00   0.000000E+00   0.000000E+00   3.140218E-01   6.859782E-01   4.887006E+00
 1.314305E-01   0.000000E+00   0.000000E+00   0.000000E+00   2.903124E-01   7.096876E-01   5.433118E+00
 2.193195E-01   0.000000E+00   0.000000E+00   0.000000E+00   2.637928E-01   7.362072E-01   6.163895E+00
 3.117456E-01   0.000000E+00   0.000000E+00   0.000000E+00   2.343943E-01   7.656057E-01   7.173266E+00
 4.022920E-01   0.000000E+00   0.000000E+00   0.000000E+00   2.088717E-01   7.911283E-01   8.287033E+00
 4.901875E-01   0.000000E+00   0.000000E+00   0.000000E+00   1.856654E-01   8.143346E-01   9.573480E+00
 5.748808E-01   0.000000E+00   0.000000E+00   0.000000E+00   1.658925E-01   8.341075E-01   1.096185E+01
 6.557436E-01   0.000000E+00   0.000000E+00   0.000000E+00   1.481538E-01   8.518462E-01   1.253166E+01
 7.325708E-01   0.000000E+00   0.000000E+00   0.000000E+00   1.308828E-01   8.691172E-01   1.448011E+01
 8.049304E-01   0.000000E+00   0.000000E+00   0.000000E+00   1.139530E-01   8.860470E-01   1.697854E+01
 8.722654E-01   0.000000E+00   0.000000E+00   0.000000E+00   9.732759E-02   9.026724E-01   2.029960E+01
 9.339674E-01   0.000000E+00   0.000000E+00   0.000000E+00   7.902215E-02   9.209778E-01   2.561276E+01
 r/a            s_alpha        s_alpha_i      s_alpha_e      frac_ai        frac_ae        E_alpha/E_c
                (MW/cm^3)      (MW/cm^3)      (MW/cm^3)                                    
 0.000000E+00   0.000000E+00   0.000000E+00   0.000000E+00   3.246318E-01   6.753682E-01   4.669174E+00
 5.772226E-02   0.000000E+00   0.000000E+00   0.000000E+00   3.137273E-01   6.862727E-01   4.893268E+00
 1.314305E-01   0.000000E+00   0.000000E+00   0.000000E+00   2.909360E-01   7.090640E-01   5.417581E+00
 2.193195E-01   0.000000E+00   0.000000E+00   0.000000E+00   2.639698E-01   7.360302E-01   6.158516E+00
 3.117456E-01   0.000000E+00   0.000000E+00   0.000000E+00   2.343214E-01   7.656786E-01   7.176092E+00
 4.022920E-01   0.000000E+00   0.000000E+00   0.000000E+00   2.088889E-01   7.911111E-01   8.286191E+00
 4.901875E-01   0.000000E+00   0.000000E+00   0.000000E+00   1.856753E-01   8.143247E-01   9.572862E+00
 5.748808E-01   0.000000E+00   0.000000E+00   0.000000E+00   1.658917E-01   8.341083E-01   1.096191E+01
 6.557436E-01   0.000000E+00   0.000000E+00   0.000000E+00   1.481521E-01   8.518479E-01   1.253182E+01
 7.325708E-01   0.000000E+00   0.000000E+00   0.000000E+00   1.308817E-01   8.691183E-01   1.448026E+01
 8.049304E-01   0.000000E+00   0.000000E+00   0.000000E+00   1.139520E-01   8.860480E-01   1.697871E+01
 8.722654E-01   0.000000E+00   0.000000E+00   0.000000E+00   9.732656E-02   9.026734E-01   2.029984E+01
 9.339674E-01   0.000000E+00   0.000000E+00   0.000000E+00   7.902215E-02   9.209778E-01   2.561276E+01
 r/a            s_alpha        s_alpha_i      s_alpha_e      frac_ai        frac_ae        E_alpha/E_c
                (MW/cm^3)      (MW/cm^3)      (MW/cm^3)                                    
 0.000000E+00   0.000000E+00   0.000000E+00   0.000000E+00   3.246318E-01   6.753682E-01   4.669174E+00
 5.772226E-02   0.000000E+00   0.000000E+00   0.000000E+00   3.137273E-01   6.862727E-01   4.893268E+00
 1.314305E-01   0.000000E+00   0.000000E+00   0.000000E+00   2.909360E-01   7.090640E-01   5.417581E+00
 2.193195E-01   0.000000E+00   0.000000E+00   0.000000E+00   2.639698E-01   7.360302E-01   6.158516E+00
 3.117456E-01   0.000000E+00   0.000000E+00   0.000000E+00   2.343214E-01   7.656786E-01   7.176092E+00
 4.022920E-01   0.000000E+00   0.000000E+00   0.000000E+00   2.088889E-01   7.911111E-01   8.286191E+00
 4.901875E-01   0.000000E+00   0.000000E+00   0.000000E+00   1.856753E-01   8.143247E-01   9.572862E+00
 5.748808E-01   0.000000E+00   0.000000E+00   0.000000E+00   1.658917E-01   8.341083E-01   1.096191E+01
 6.557436E-01   0.000000E+00   0.000000E+00   0.000000E+00   1.481521E-01   8.518479E-01   1.253182E+01
 7.325708E-01   0.000000E+00   0.000000E+00   0.000000E+00   1.308817E-01   8.691183E-01   1.448026E+01
 8.049304E-01   0.000000E+00   0.000000E+00   0.000000E+00   1.139520E-01   8.860480E-01   1.697871E+01
 8.722654E-01   0.000000E+00   0.000000E+00   0.000000E+00   9.732656E-02   9.026734E-01   2.029984E+01
 9.339674E-01   0.000000E+00   0.000000E+00   0.000000E+00   7.902215E-02   9.209778E-01   2.561276E+01
 r/a            s_alpha        s_alpha_i      s_alpha_e      frac_ai        frac_ae        E_alpha/E_c
                (MW/cm^3)      (MW/cm^3)      (MW/cm^3)                                    
 0.000000E+00   0.000000E+00   0.000000E+00   0.000000E+00   3.246318E-01   6.753682E-01   4.669174E+00
 5.772226E-02   0.000000E+00   0.000000E+00   0.000000E+00   3.137273E-01   6.862727E-01   4.893268E+00
 1.314305E-01   0.000000E+00   0.000000E+00   0.000000E+00   2.909360E-01   7.090640E-01   5.417581E+00
 2.193195E-01   0.000000E+00   0.000000E+00   0.000000E+00   2.639698E-01   7.360302E-01   6.158516E+00
 3.117456E-01   0.000000E+00   0.000000E+00   0.000000E+00   2.343214E-01   7.656786E-01   7.176092E+00
 4.022920E-01   0.000000E+00   0.000000E+00   0.000000E+00   2.088889E-01   7.911111E-01   8.286191E+00
 4.901875E-01   0.000000E+00   0.000000E+00   0.000000E+00   1.856753E-01   8.143247E-01   9.572862E+00
 5.748808E-01   0.000000E+00   0.000000E+00   0.000000E+00   1.658917E-01   8.341083E-01   1.096191E+01
 6.557436E-01   0.000000E+00   0.000000E+00   0.000000E+00   1.481521E-01   8.518479E-01   1.253182E+01
 7.325708E-01   0.000000E+00   0.000000E+00   0.000000E+00   1.308817E-01   8.691183E-01   1.448026E+01
 8.049304E-01   0.000000E+00   0.000000E+00   0.000000E+00   1.139520E-01   8.860480E-01   1.697871E+01
 8.722654E-01   0.000000E+00   0.000000E+00   0.000000E+00   9.732656E-02   9.026734E-01   2.029984E+01
 9.339674E-01   0.000000E+00   0.000000E+00   0.000000E+00   7.902215E-02   9.209778E-01   2.561276E+01
 r/a            s_alpha        s_alpha_i      s_alpha_e      frac_ai        frac_ae        E_alpha/E_c
                (MW/cm^3)      (MW/cm^3)      (MW/cm^3)                                    
 0.000000E+00   0.000000E+00   0.000000E+00   0.000000E+00   3.246318E-01   6.753682E-01   4.669174E+00
 5.772226E-02   0.000000E+00   0.000000E+00   0.000000E+00   3.137273E-01   6.862727E-01   4.893268E+00
 1.314305E-01   0.000000E+00   0.000000E+00   0.000000E+00   2.909360E-01   7.090640E-01   5.417581E+00
 2.193195E-01   0.000000E+00   0.000000E+00   0.000000E+00   2.639698E-01   7.360302E-01   6.158516E+00
 3.117456E-01   0.000000E+00   0.000000E+00   0.000000E+00   2.343214E-01   7.656786E-01   7.176092E+00
 4.022920E-01   0.000000E+00   0.000000E+00   0.000000E+00   2.088889E-01   7.911111E-01   8.286191E+00
 4.901875E-01   0.000000E+00   0.000000E+00   0.000000E+00   1.856753E-01   8.143247E-01   9.572862E+00
 5.748808E-01   0.000000E+00   0.000000E+00   0.000000E+00   1.658917E-01   8.341083E-01   1.096191E+01
 6.557436E-01   0.000000E+00   0.000000E+00   0.000000E+00   1.481521E-01   8.518479E-01   1.253182E+01
 7.325708E-01   0.000000E+00   0.000000E+00   0.000000E+00   1.308817E-01   8.691183E-01   1.448026E+01
 8.049304E-01   0.000000E+00   0.000000E+00   0.000000E+00   1.139520E-01   8.860480E-01   1.697871E+01
 8.722654E-01   0.000000E+00   0.000000E+00   0.000000E+00   9.732656E-02   9.026734E-01   2.029984E+01
 9.339674E-01   0.000000E+00   0.000000E+00   0.000000E+00   7.902215E-02   9.209778E-01   2.561276E+01
 r/a            s_alpha        s_alpha_i      s_alpha_e      frac_ai        frac_ae        E_alpha/E_c
                (MW/cm^3)      (MW/cm^3)      (MW/cm^3)                                    
 0.000000E+00   0.000000E+00   0.000000E+00   0.000000E+00   3.246318E-01   6.753682E-01   4.669174E+00
 5.772226E-02   0.000000E+00   0.000000E+00   0.000000E+00   3.137273E-01   6.862727E-01   4.893268E+00
 1.314305E-01   0.000000E+00   0.000000E+00   0.000000E+00   2.909360E-01   7.090640E-01   5.417581E+00
 2.193195E-01   0.000000E+00   0.000000E+00   0.000000E+00   2.639698E-01   7.360302E-01   6.158516E+00
 3.117456E-01   0.000000E+00   0.000000E+00   0.000000E+00   2.343214E-01   7.656786E-01   7.176092E+00
 4.022920E-01   0.000000E+00   0.000000E+00   0.000000E+00   2.088889E-01   7.911111E-01   8.286191E+00
 4.901875E-01   0.000000E+00   0.000000E+00   0.000000E+00   1.856753E-01   8.143247E-01   9.572862E+00
 5.748808E-01   0.000000E+00   0.000000E+00   0.000000E+00   1.658917E-01   8.341083E-01   1.096191E+01
 6.557436E-01   0.000000E+00   0.000000E+00   0.000000E+00   1.481521E-01   8.518479E-01   1.253182E+01
 7.325708E-01   0.000000E+00   0.000000E+00   0.000000E+00   1.308817E-01   8.691183E-01   1.448026E+01
 8.049304E-01   0.000000E+00   0.000000E+00   0.000000E+00   1.139520E-01   8.860480E-01   1.697871E+01
 8.722654E-01   0.000000E+00   0.000000E+00   0.000000E+00   9.732656E-02   9.026734E-01   2.029984E+01
 9.339674E-01   0.000000E+00   0.000000E+00   0.000000E+00   7.902215E-02   9.209778E-01   2.561276E+01
 r/a            s_alpha        s_alpha_i      s_alpha_e      frac_ai        frac_ae        E_alpha/E_c
                (MW/cm^3)      (MW/cm^3)      (MW/cm^3)                                    
 0.000000E+00   0.000000E+00   0.000000E+00   0.000000E+00   3.246318E-01   6.753682E-01   4.669174E+00
 5.772226E-02   0.000000E+00   0.000000E+00   0.000000E+00   3.137273E-01   6.862727E-01   4.893268E+00
 1.314305E-01   0.000000E+00   0.000000E+00   0.000000E+00   2.909360E-01   7.090640E-01   5.417581E+00
 2.193195E-01   0.000000E+00   0.000000E+00   0.000000E+00   2.639698E-01   7.360302E-01   6.158516E+00
 3.117456E-01   0.000000E+00   0.000000E+00   0.000000E+00   2.343214E-01   7.656786E-01   7.176092E+00
 4.022920E-01   0.000000E+00   0.000000E+00   0.000000E+00   2.088889E-01   7.911111E-01   8.286191E+00
 4.901875E-01   0.000000E+00   0.000000E+00   0.000000E+00   1.856753E-01   8.143247E-01   9.572862E+00
 5.748808E-01   0.000000E+00   0.000000E+00   0.000000E+00   1.658917E-01   8.341083E-01   1.096191E+01
 6.557436E-01   0.000000E+00   0.000000E+00   0.000000E+00   1.481521E-01   8.518479E-01   1.253182E+01
 7.325708E-01   0.000000E+00   0.000000E+00   0.000000E+00   1.308817E-01   8.691183E-01   1.448026E+01
 8.049304E-01   0.000000E+00   0.000000E+00   0.000000E+00   1.139520E-01   8.860480E-01   1.697871E+01
 8.722654E-01   0.000000E+00   0.000000E+00   0.000000E+00   9.732656E-02   9.026734E-01   2.029984E+01
 9.339674E-01   0.000000E+00   0.000000E+00   0.000000E+00   7.902215E-02   9.209778E-01   2.561276E+01
 r/a            s_alpha        s_alpha_i      s_alpha_e      frac_ai        frac_ae        E_alpha/E_c
                (MW/cm^3)      (MW/cm^3)      (MW/cm^3)                                    
 0.000000E+00   0.000000E+00   0.000000E+00   0.000000E+00   3.246318E-01   6.753682E-01   4.669174E+00
 5.772226E-02   0.000000E+00   0.000000E+00   0.000000E+00   3.137273E-01   6.862727E-01   4.893268E+00
 1.314305E-01   0.000000E+00   0.000000E+00   0.000000E+00   2.909360E-01   7.090640E-01   5.417581E+00
 2.193195E-01   0.000000E+00   0.000000E+00   0.000000E+00   2.639698E-01   7.360302E-01   6.158516E+00
 3.117456E-01   0.000000E+00   0.000000E+00   0.000000E+00   2.343214E-01   7.656786E-01   7.176092E+00
 4.022920E-01   0.000000E+00   0.000000E+00   0.000000E+00   2.088889E-01   7.911111E-01   8.286191E+00
 4.901875E-01   0.000000E+00   0.000000E+00   0.000000E+00   1.856753E-01   8.143247E-01   9.572862E+00
 5.748808E-01   0.000000E+00   0.000000E+00   0.000000E+00   1.658917E-01   8.341083E-01   1.096191E+01
 6.557436E-01   0.000000E+00   0.000000E+00   0.000000E+00   1.481521E-01   8.518479E-01   1.253182E+01
 7.325708E-01   0.000000E+00   0.000000E+00   0.000000E+00   1.308817E-01   8.691183E-01   1.448026E+01
 8.049304E-01   0.000000E+00   0.000000E+00   0.000000E+00   1.139520E-01   8.860480E-01   1.697871E+01
 8.722654E-01   0.000000E+00   0.000000E+00   0.000000E+00   9.732656E-02   9.026734E-01   2.029984E+01
 9.339674E-01   0.000000E+00   0.000000E+00   0.000000E+00   7.902215E-02   9.209778E-01   2.561276E+01
 r/a            s_alpha        s_alpha_i      s_alpha_e      frac_ai        frac_ae        E_alpha/E_c
                (MW/cm^3)      (MW/cm^3)      (MW/cm^3)                                    
 0.000000E+00   0.000000E+00   0.000000E+00   0.000000E+00   3.246318E-01   6.753682E-01   4.669174E+00
 5.772226E-02   0.000000E+00   0.000000E+00   0.000000E+00   3.137273E-01   6.862727E-01   4.893268E+00
 1.314305E-01   0.000000E+00   0.000000E+00   0.000000E+00   2.909360E-01   7.090640E-01   5.417581E+00
 2.193195E-01   0.000000E+00   0.000000E+00   0.000000E+00   2.639698E-01   7.360302E-01   6.158516E+00
 3.117456E-01   0.000000E+00   0.000000E+00   0.000000E+00   2.343214E-01   7.656786E-01   7.176092E+00
 4.022920E-01   0.000000E+00   0.000000E+00   0.000000E+00   2.088889E-01   7.911111E-01   8.286191E+00
 4.901875E-01   0.000000E+00   0.000000E+00   0.000000E+00   1.856753E-01   8.143247E-01   9.572862E+00
 5.748808E-01   0.000000E+00   0.000000E+00   0.000000E+00   1.658917E-01   8.341083E-01   1.096191E+01
 6.557436E-01   0.000000E+00   0.000000E+00   0.000000E+00   1.481521E-01   8.518479E-01   1.253182E+01
 7.325708E-01   0.000000E+00   0.000000E+00   0.000000E+00   1.308817E-01   8.691183E-01   1.448026E+01
 8.049304E-01   0.000000E+00   0.000000E+00   0.000000E+00   1.139520E-01   8.860480E-01   1.697871E+01
 8.722654E-01   0.000000E+00   0.000000E+00   0.000000E+00   9.732656E-02   9.026734E-01   2.029984E+01
 9.339674E-01   0.000000E+00   0.000000E+00   0.000000E+00   7.902215E-02   9.209778E-01   2.561276E+01
