 r/a            s_alpha        s_alpha_i      s_alpha_e      frac_ai        frac_ae        E_alpha/E_c
                (MW/cm^3)      (MW/cm^3)      (MW/cm^3)                                    
 0.000000E+00   0.000000E+00   0.000000E+00   0.000000E+00   2.857035E-01   7.142965E-01   5.550114E+00
 5.882502E-02   0.000000E+00   0.000000E+00   0.000000E+00   2.834950E-01   7.165050E-01   5.607563E+00
 1.340992E-01   0.000000E+00   0.000000E+00   0.000000E+00   2.803894E-01   7.196106E-01   5.689922E+00
 2.202508E-01   0.000000E+00   0.000000E+00   0.000000E+00   2.703686E-01   7.296314E-01   5.968944E+00
 3.136657E-01   0.000000E+00   0.000000E+00   0.000000E+00   2.423019E-01   7.576981E-01   6.877011E+00
 4.047208E-01   0.000000E+00   0.000000E+00   0.000000E+00   2.132156E-01   7.867844E-01   8.078124E+00
 4.925634E-01   0.000000E+00   0.000000E+00   0.000000E+00   1.893297E-01   8.106703E-01   9.348819E+00
 5.770037E-01   0.000000E+00   0.000000E+00   0.000000E+00   1.672874E-01   8.327126E-01   1.085286E+01
 6.575051E-01   0.000000E+00   0.000000E+00   0.000000E+00   1.472528E-01   8.527472E-01   1.262175E+01
 7.339239E-01   0.000000E+00   0.000000E+00   0.000000E+00   1.284192E-01   8.715808E-01   1.480182E+01
 8.057863E-01   0.000000E+00   0.000000E+00   0.000000E+00   1.113716E-01   8.886284E-01   1.742783E+01
 8.724348E-01   0.000000E+00   0.000000E+00   0.000000E+00   9.390014E-02   9.060999E-01   2.113380E+01
 9.333535E-01   0.000000E+00   0.000000E+00   0.000000E+00   7.904409E-02   9.209559E-01   2.560489E+01
 r/a            s_alpha        s_alpha_i      s_alpha_e      frac_ai        frac_ae        E_alpha/E_c
                (MW/cm^3)      (MW/cm^3)      (MW/cm^3)                                    
 0.000000E+00   0.000000E+00   0.000000E+00   0.000000E+00   2.845468E-01   7.154532E-01   5.580089E+00
 5.882502E-02   0.000000E+00   0.000000E+00   0.000000E+00   2.824864E-01   7.175136E-01   5.634105E+00
 1.340992E-01   0.000000E+00   0.000000E+00   0.000000E+00   2.796407E-01   7.203593E-01   5.710058E+00
 2.202508E-01   0.000000E+00   0.000000E+00   0.000000E+00   2.697469E-01   7.302531E-01   5.986957E+00
 3.136657E-01   0.000000E+00   0.000000E+00   0.000000E+00   2.417824E-01   7.582176E-01   6.895865E+00
 4.047208E-01   0.000000E+00   0.000000E+00   0.000000E+00   2.127830E-01   7.872170E-01   8.098538E+00
 4.925634E-01   0.000000E+00   0.000000E+00   0.000000E+00   1.889534E-01   8.110466E-01   9.371478E+00
 5.770037E-01   0.000000E+00   0.000000E+00   0.000000E+00   1.669556E-01   8.330444E-01   1.087862E+01
 6.575051E-01   0.000000E+00   0.000000E+00   0.000000E+00   1.469623E-01   8.530377E-01   1.265103E+01
 7.339239E-01   0.000000E+00   0.000000E+00   0.000000E+00   1.281658E-01   8.718342E-01   1.483563E+01
 8.057863E-01   0.000000E+00   0.000000E+00   0.000000E+00   1.111529E-01   8.888471E-01   1.746688E+01
 8.724348E-01   0.000000E+00   0.000000E+00   0.000000E+00   9.372359E-02   9.062764E-01   2.117845E+01
 9.333535E-01   0.000000E+00   0.000000E+00   0.000000E+00   7.904409E-02   9.209559E-01   2.560489E+01
 r/a            s_alpha        s_alpha_i      s_alpha_e      frac_ai        frac_ae        E_alpha/E_c
                (MW/cm^3)      (MW/cm^3)      (MW/cm^3)                                    
 0.000000E+00   0.000000E+00   0.000000E+00   0.000000E+00   2.886516E-01   7.113484E-01   5.474833E+00
 5.882502E-02   0.000000E+00   0.000000E+00   0.000000E+00   2.842550E-01   7.157450E-01   5.587689E+00
 1.340992E-01   0.000000E+00   0.000000E+00   0.000000E+00   2.790596E-01   7.209404E-01   5.725763E+00
 2.202508E-01   0.000000E+00   0.000000E+00   0.000000E+00   2.703923E-01   7.296077E-01   5.968259E+00
 3.136657E-01   0.000000E+00   0.000000E+00   0.000000E+00   2.429981E-01   7.570019E-01   6.851879E+00
 4.047208E-01   0.000000E+00   0.000000E+00   0.000000E+00   2.139943E-01   7.860057E-01   8.041593E+00
 4.925634E-01   0.000000E+00   0.000000E+00   0.000000E+00   1.901993E-01   8.098007E-01   9.296807E+00
 5.770037E-01   0.000000E+00   0.000000E+00   0.000000E+00   1.681597E-01   8.318403E-01   1.078565E+01
 6.575051E-01   0.000000E+00   0.000000E+00   0.000000E+00   1.479623E-01   8.520377E-01   1.255071E+01
 7.339239E-01   0.000000E+00   0.000000E+00   0.000000E+00   1.289647E-01   8.710353E-01   1.472950E+01
 8.057863E-01   0.000000E+00   0.000000E+00   0.000000E+00   1.118987E-01   8.881013E-01   1.733436E+01
 8.724348E-01   0.000000E+00   0.000000E+00   0.000000E+00   9.454563E-02   9.054544E-01   2.097198E+01
 9.333535E-01   0.000000E+00   0.000000E+00   0.000000E+00   7.904409E-02   9.209559E-01   2.560489E+01
 r/a            s_alpha        s_alpha_i      s_alpha_e      frac_ai        frac_ae        E_alpha/E_c
                (MW/cm^3)      (MW/cm^3)      (MW/cm^3)                                    
 0.000000E+00   0.000000E+00   0.000000E+00   0.000000E+00   2.972647E-01   7.027353E-01   5.263692E+00
 5.882502E-02   0.000000E+00   0.000000E+00   0.000000E+00   2.912131E-01   7.087869E-01   5.410701E+00
 1.340992E-01   0.000000E+00   0.000000E+00   0.000000E+00   2.830532E-01   7.169468E-01   5.619165E+00
 2.202508E-01   0.000000E+00   0.000000E+00   0.000000E+00   2.733481E-01   7.266519E-01   5.883783E+00
 3.136657E-01   0.000000E+00   0.000000E+00   0.000000E+00   2.454392E-01   7.545608E-01   6.764906E+00
 4.047208E-01   0.000000E+00   0.000000E+00   0.000000E+00   2.157284E-01   7.842716E-01   7.961218E+00
 4.925634E-01   0.000000E+00   0.000000E+00   0.000000E+00   1.916652E-01   8.083348E-01   9.210222E+00
 5.770037E-01   0.000000E+00   0.000000E+00   0.000000E+00   1.695681E-01   8.304319E-01   1.067863E+01
 6.575051E-01   0.000000E+00   0.000000E+00   0.000000E+00   1.492434E-01   8.507566E-01   1.242420E+01
 7.339239E-01   0.000000E+00   0.000000E+00   0.000000E+00   1.301341E-01   8.698659E-01   1.457656E+01
 8.057863E-01   0.000000E+00   0.000000E+00   0.000000E+00   1.128863E-01   8.871137E-01   1.716166E+01
 8.724348E-01   0.000000E+00   0.000000E+00   0.000000E+00   9.550694E-02   9.044931E-01   2.073512E+01
 9.333535E-01   0.000000E+00   0.000000E+00   0.000000E+00   7.904409E-02   9.209559E-01   2.560489E+01
 r/a            s_alpha        s_alpha_i      s_alpha_e      frac_ai        frac_ae        E_alpha/E_c
                (MW/cm^3)      (MW/cm^3)      (MW/cm^3)                                    
 0.000000E+00   0.000000E+00   0.000000E+00   0.000000E+00   3.016440E-01   6.983560E-01   5.161092E+00
 5.882502E-02   0.000000E+00   0.000000E+00   0.000000E+00   2.954207E-01   7.045793E-01   5.307832E+00
 1.340992E-01   0.000000E+00   0.000000E+00   0.000000E+00   2.865272E-01   7.134728E-01   5.528921E+00
 2.202508E-01   0.000000E+00   0.000000E+00   0.000000E+00   2.754816E-01   7.245184E-01   5.823967E+00
 3.136657E-01   0.000000E+00   0.000000E+00   0.000000E+00   2.469812E-01   7.530188E-01   6.710878E+00
 4.047208E-01   0.000000E+00   0.000000E+00   0.000000E+00   2.171050E-01   7.828950E-01   7.898352E+00
 4.925634E-01   0.000000E+00   0.000000E+00   0.000000E+00   1.927109E-01   8.072891E-01   9.149281E+00
 5.770037E-01   0.000000E+00   0.000000E+00   0.000000E+00   1.704432E-01   8.295568E-01   1.061304E+01
 6.575051E-01   0.000000E+00   0.000000E+00   0.000000E+00   1.500074E-01   8.499926E-01   1.234980E+01
 7.339239E-01   0.000000E+00   0.000000E+00   0.000000E+00   1.308752E-01   8.691248E-01   1.448108E+01
 8.057863E-01   0.000000E+00   0.000000E+00   0.000000E+00   1.134803E-01   8.865197E-01   1.705925E+01
 8.724348E-01   0.000000E+00   0.000000E+00   0.000000E+00   9.625968E-02   9.037403E-01   2.055302E+01
 9.333535E-01   0.000000E+00   0.000000E+00   0.000000E+00   7.904409E-02   9.209559E-01   2.560489E+01
 r/a            s_alpha        s_alpha_i      s_alpha_e      frac_ai        frac_ae        E_alpha/E_c
                (MW/cm^3)      (MW/cm^3)      (MW/cm^3)                                    
 0.000000E+00   0.000000E+00   0.000000E+00   0.000000E+00   3.182237E-01   6.817763E-01   4.798949E+00
 5.882502E-02   0.000000E+00   0.000000E+00   0.000000E+00   3.112631E-01   6.887369E-01   4.946151E+00
 1.340992E-01   0.000000E+00   0.000000E+00   0.000000E+00   2.995868E-01   7.004132E-01   5.208904E+00
 2.202508E-01   0.000000E+00   0.000000E+00   0.000000E+00   2.818195E-01   7.181805E-01   5.651764E+00
 3.136657E-01   0.000000E+00   0.000000E+00   0.000000E+00   2.493911E-01   7.506089E-01   6.627814E+00
 4.047208E-01   0.000000E+00   0.000000E+00   0.000000E+00   2.194252E-01   7.805748E-01   7.794224E+00
 4.925634E-01   0.000000E+00   0.000000E+00   0.000000E+00   1.943083E-01   8.056917E-01   9.057496E+00
 5.770037E-01   0.000000E+00   0.000000E+00   0.000000E+00   1.717339E-01   8.282661E-01   1.051755E+01
 6.575051E-01   0.000000E+00   0.000000E+00   0.000000E+00   1.510398E-01   8.489602E-01   1.225051E+01
 7.339239E-01   0.000000E+00   0.000000E+00   0.000000E+00   1.318434E-01   8.681566E-01   1.435800E+01
 8.057863E-01   0.000000E+00   0.000000E+00   0.000000E+00   1.142376E-01   8.857624E-01   1.693027E+01
 8.724348E-01   0.000000E+00   0.000000E+00   0.000000E+00   9.724426E-02   9.027557E-01   2.031917E+01
 9.333535E-01   0.000000E+00   0.000000E+00   0.000000E+00   7.904409E-02   9.209559E-01   2.560489E+01
 r/a            s_alpha        s_alpha_i      s_alpha_e      frac_ai        frac_ae        E_alpha/E_c
                (MW/cm^3)      (MW/cm^3)      (MW/cm^3)                                    
 0.000000E+00   0.000000E+00   0.000000E+00   0.000000E+00   3.365000E-01   6.635000E-01   4.442259E+00
 5.882502E-02   0.000000E+00   0.000000E+00   0.000000E+00   3.275409E-01   6.724591E-01   4.611985E+00
 1.340992E-01   0.000000E+00   0.000000E+00   0.000000E+00   3.114354E-01   6.885646E-01   4.942424E+00
 2.202508E-01   0.000000E+00   0.000000E+00   0.000000E+00   2.872468E-01   7.127532E-01   5.510507E+00
 3.136657E-01   0.000000E+00   0.000000E+00   0.000000E+00   2.507500E-01   7.492500E-01   6.581697E+00
 4.047208E-01   0.000000E+00   0.000000E+00   0.000000E+00   2.204231E-01   7.795769E-01   7.750132E+00
 4.925634E-01   0.000000E+00   0.000000E+00   0.000000E+00   1.948473E-01   8.051527E-01   9.026874E+00
 5.770037E-01   0.000000E+00   0.000000E+00   0.000000E+00   1.721131E-01   8.278869E-01   1.048978E+01
 6.575051E-01   0.000000E+00   0.000000E+00   0.000000E+00   1.513151E-01   8.486849E-01   1.222426E+01
 7.339239E-01   0.000000E+00   0.000000E+00   0.000000E+00   1.320844E-01   8.679156E-01   1.432765E+01
 8.057863E-01   0.000000E+00   0.000000E+00   0.000000E+00   1.142826E-01   8.857174E-01   1.692266E+01
 8.724348E-01   0.000000E+00   0.000000E+00   0.000000E+00   9.744808E-02   9.025519E-01   2.027137E+01
 9.333535E-01   0.000000E+00   0.000000E+00   0.000000E+00   7.904409E-02   9.209559E-01   2.560489E+01
 r/a            s_alpha        s_alpha_i      s_alpha_e      frac_ai        frac_ae        E_alpha/E_c
                (MW/cm^3)      (MW/cm^3)      (MW/cm^3)                                    
 0.000000E+00   0.000000E+00   0.000000E+00   0.000000E+00   3.481580E-01   6.518420E-01   4.234874E+00
 5.882502E-02   0.000000E+00   0.000000E+00   0.000000E+00   3.386157E-01   6.613843E-01   4.403529E+00
 1.340992E-01   0.000000E+00   0.000000E+00   0.000000E+00   3.171993E-01   6.828007E-01   4.820195E+00
 2.202508E-01   0.000000E+00   0.000000E+00   0.000000E+00   2.877239E-01   7.122761E-01   5.498352E+00
 3.136657E-01   0.000000E+00   0.000000E+00   0.000000E+00   2.513356E-01   7.486644E-01   6.561984E+00
 4.047208E-01   0.000000E+00   0.000000E+00   0.000000E+00   2.209677E-01   7.790323E-01   7.726242E+00
 4.925634E-01   0.000000E+00   0.000000E+00   0.000000E+00   1.950882E-01   8.049118E-01   9.013240E+00
 5.770037E-01   0.000000E+00   0.000000E+00   0.000000E+00   1.723017E-01   8.276983E-01   1.047602E+01
 6.575051E-01   0.000000E+00   0.000000E+00   0.000000E+00   1.514880E-01   8.485120E-01   1.220783E+01
 7.339239E-01   0.000000E+00   0.000000E+00   0.000000E+00   1.322602E-01   8.677398E-01   1.430559E+01
 8.057863E-01   0.000000E+00   0.000000E+00   0.000000E+00   1.143637E-01   8.856363E-01   1.690898E+01
 8.724348E-01   0.000000E+00   0.000000E+00   0.000000E+00   9.757716E-02   9.024228E-01   2.024120E+01
 9.333535E-01   0.000000E+00   0.000000E+00   0.000000E+00   7.904409E-02   9.209559E-01   2.560489E+01
 r/a            s_alpha        s_alpha_i      s_alpha_e      frac_ai        frac_ae        E_alpha/E_c
                (MW/cm^3)      (MW/cm^3)      (MW/cm^3)                                    
 0.000000E+00   0.000000E+00   0.000000E+00   0.000000E+00   3.603140E-01   6.396860E-01   4.033370E+00
 5.882502E-02   0.000000E+00   0.000000E+00   0.000000E+00   3.486601E-01   6.513399E-01   4.226264E+00
 1.340992E-01   0.000000E+00   0.000000E+00   0.000000E+00   3.229630E-01   6.770370E-01   4.702459E+00
 2.202508E-01   0.000000E+00   0.000000E+00   0.000000E+00   2.905297E-01   7.094703E-01   5.427696E+00
 3.136657E-01   0.000000E+00   0.000000E+00   0.000000E+00   2.525873E-01   7.474127E-01   6.520160E+00
 4.047208E-01   0.000000E+00   0.000000E+00   0.000000E+00   2.214059E-01   7.785941E-01   7.707107E+00
 4.925634E-01   0.000000E+00   0.000000E+00   0.000000E+00   1.952210E-01   8.047790E-01   9.005745E+00
 5.770037E-01   0.000000E+00   0.000000E+00   0.000000E+00   1.724358E-01   8.275642E-01   1.046625E+01
 6.575051E-01   0.000000E+00   0.000000E+00   0.000000E+00   1.516124E-01   8.483876E-01   1.219603E+01
 7.339239E-01   0.000000E+00   0.000000E+00   0.000000E+00   1.324083E-01   8.675917E-01   1.428705E+01
 8.057863E-01   0.000000E+00   0.000000E+00   0.000000E+00   1.143942E-01   8.856058E-01   1.690383E+01
 8.724348E-01   0.000000E+00   0.000000E+00   0.000000E+00   9.771320E-02   9.022868E-01   2.020949E+01
 9.333535E-01   0.000000E+00   0.000000E+00   0.000000E+00   7.904409E-02   9.209559E-01   2.560489E+01
 r/a            s_alpha        s_alpha_i      s_alpha_e      frac_ai        frac_ae        E_alpha/E_c
                (MW/cm^3)      (MW/cm^3)      (MW/cm^3)                                    
 0.000000E+00   0.000000E+00   0.000000E+00   0.000000E+00   3.595812E-01   6.404188E-01   4.045118E+00
 5.882502E-02   0.000000E+00   0.000000E+00   0.000000E+00   3.477958E-01   6.522042E-01   4.241102E+00
 1.340992E-01   0.000000E+00   0.000000E+00   0.000000E+00   3.221948E-01   6.778052E-01   4.717900E+00
 2.202508E-01   0.000000E+00   0.000000E+00   0.000000E+00   2.898826E-01   7.101174E-01   5.443868E+00
 3.136657E-01   0.000000E+00   0.000000E+00   0.000000E+00   2.518284E-01   7.481716E-01   6.545467E+00
 4.047208E-01   0.000000E+00   0.000000E+00   0.000000E+00   2.206693E-01   7.793307E-01   7.739317E+00
 4.925634E-01   0.000000E+00   0.000000E+00   0.000000E+00   1.948315E-01   8.051685E-01   9.027768E+00
 5.770037E-01   0.000000E+00   0.000000E+00   0.000000E+00   1.723633E-01   8.276367E-01   1.047153E+01
 6.575051E-01   0.000000E+00   0.000000E+00   0.000000E+00   1.515368E-01   8.484632E-01   1.220320E+01
 7.339239E-01   0.000000E+00   0.000000E+00   0.000000E+00   1.323657E-01   8.676343E-01   1.429237E+01
 8.057863E-01   0.000000E+00   0.000000E+00   0.000000E+00   1.143848E-01   8.856152E-01   1.690542E+01
 8.724348E-01   0.000000E+00   0.000000E+00   0.000000E+00   9.771146E-02   9.022885E-01   2.020989E+01
 9.333535E-01   0.000000E+00   0.000000E+00   0.000000E+00   7.904409E-02   9.209559E-01   2.560489E+01
 r/a            s_alpha        s_alpha_i      s_alpha_e      frac_ai        frac_ae        E_alpha/E_c
                (MW/cm^3)      (MW/cm^3)      (MW/cm^3)                                    
 0.000000E+00   0.000000E+00   0.000000E+00   0.000000E+00   3.659278E-01   6.340722E-01   3.943188E+00
 5.882502E-02   0.000000E+00   0.000000E+00   0.000000E+00   3.539732E-01   6.460268E-01   4.136695E+00
 1.340992E-01   0.000000E+00   0.000000E+00   0.000000E+00   3.273852E-01   6.726148E-01   4.615018E+00
 2.202508E-01   0.000000E+00   0.000000E+00   0.000000E+00   2.921972E-01   7.078028E-01   5.386368E+00
 3.136657E-01   0.000000E+00   0.000000E+00   0.000000E+00   2.522495E-01   7.477505E-01   6.531404E+00
 4.047208E-01   0.000000E+00   0.000000E+00   0.000000E+00   2.213559E-01   7.786441E-01   7.709286E+00
 4.925634E-01   0.000000E+00   0.000000E+00   0.000000E+00   1.951240E-01   8.048760E-01   9.011221E+00
 5.770037E-01   0.000000E+00   0.000000E+00   0.000000E+00   1.722890E-01   8.277110E-01   1.047694E+01
 6.575051E-01   0.000000E+00   0.000000E+00   0.000000E+00   1.514733E-01   8.485267E-01   1.220922E+01
 7.339239E-01   0.000000E+00   0.000000E+00   0.000000E+00   1.322988E-01   8.677012E-01   1.430075E+01
 8.057863E-01   0.000000E+00   0.000000E+00   0.000000E+00   1.143262E-01   8.856738E-01   1.691531E+01
 8.724348E-01   0.000000E+00   0.000000E+00   0.000000E+00   9.769228E-02   9.023077E-01   2.021436E+01
 9.333535E-01   0.000000E+00   0.000000E+00   0.000000E+00   7.904409E-02   9.209559E-01   2.560489E+01
 r/a            s_alpha        s_alpha_i      s_alpha_e      frac_ai        frac_ae        E_alpha/E_c
                (MW/cm^3)      (MW/cm^3)      (MW/cm^3)                                    
 0.000000E+00   0.000000E+00   0.000000E+00   0.000000E+00   3.642537E-01   6.357463E-01   3.969585E+00
 5.882502E-02   0.000000E+00   0.000000E+00   0.000000E+00   3.519995E-01   6.480005E-01   4.169641E+00
 1.340992E-01   0.000000E+00   0.000000E+00   0.000000E+00   3.253613E-01   6.746387E-01   4.654734E+00
 2.202508E-01   0.000000E+00   0.000000E+00   0.000000E+00   2.911678E-01   7.088322E-01   5.411823E+00
 3.136657E-01   0.000000E+00   0.000000E+00   0.000000E+00   2.520687E-01   7.479313E-01   6.537437E+00
 4.047208E-01   0.000000E+00   0.000000E+00   0.000000E+00   2.213287E-01   7.786713E-01   7.710476E+00
 4.925634E-01   0.000000E+00   0.000000E+00   0.000000E+00   1.951311E-01   8.048689E-01   9.010819E+00
 5.770037E-01   0.000000E+00   0.000000E+00   0.000000E+00   1.723218E-01   8.276782E-01   1.047455E+01
 6.575051E-01   0.000000E+00   0.000000E+00   0.000000E+00   1.514938E-01   8.485062E-01   1.220728E+01
 7.339239E-01   0.000000E+00   0.000000E+00   0.000000E+00   1.323110E-01   8.676890E-01   1.429922E+01
 8.057863E-01   0.000000E+00   0.000000E+00   0.000000E+00   1.143333E-01   8.856667E-01   1.691411E+01
 8.724348E-01   0.000000E+00   0.000000E+00   0.000000E+00   9.769622E-02   9.023038E-01   2.021344E+01
 9.333535E-01   0.000000E+00   0.000000E+00   0.000000E+00   7.904409E-02   9.209559E-01   2.560489E+01
 r/a            s_alpha        s_alpha_i      s_alpha_e      frac_ai        frac_ae        E_alpha/E_c
                (MW/cm^3)      (MW/cm^3)      (MW/cm^3)                                    
 0.000000E+00   0.000000E+00   0.000000E+00   0.000000E+00   3.646106E-01   6.353894E-01   3.963936E+00
 5.882502E-02   0.000000E+00   0.000000E+00   0.000000E+00   3.523550E-01   6.476450E-01   4.163678E+00
 1.340992E-01   0.000000E+00   0.000000E+00   0.000000E+00   3.250253E-01   6.749747E-01   4.661375E+00
 2.202508E-01   0.000000E+00   0.000000E+00   0.000000E+00   2.904711E-01   7.095289E-01   5.429158E+00
 3.136657E-01   0.000000E+00   0.000000E+00   0.000000E+00   2.519060E-01   7.480940E-01   6.542871E+00
 4.047208E-01   0.000000E+00   0.000000E+00   0.000000E+00   2.213082E-01   7.786918E-01   7.711368E+00
 4.925634E-01   0.000000E+00   0.000000E+00   0.000000E+00   1.951274E-01   8.048726E-01   9.011026E+00
 5.770037E-01   0.000000E+00   0.000000E+00   0.000000E+00   1.723307E-01   8.276693E-01   1.047390E+01
 6.575051E-01   0.000000E+00   0.000000E+00   0.000000E+00   1.514995E-01   8.485005E-01   1.220674E+01
 7.339239E-01   0.000000E+00   0.000000E+00   0.000000E+00   1.323137E-01   8.676863E-01   1.429888E+01
 8.057863E-01   0.000000E+00   0.000000E+00   0.000000E+00   1.143345E-01   8.856655E-01   1.691391E+01
 8.724348E-01   0.000000E+00   0.000000E+00   0.000000E+00   9.769688E-02   9.023031E-01   2.021329E+01
 9.333535E-01   0.000000E+00   0.000000E+00   0.000000E+00   7.904409E-02   9.209559E-01   2.560489E+01
 r/a            s_alpha        s_alpha_i      s_alpha_e      frac_ai        frac_ae        E_alpha/E_c
                (MW/cm^3)      (MW/cm^3)      (MW/cm^3)                                    
 0.000000E+00   0.000000E+00   0.000000E+00   0.000000E+00   3.623914E-01   6.376086E-01   4.000330E+00
 5.882502E-02   0.000000E+00   0.000000E+00   0.000000E+00   3.499704E-01   6.500296E-01   4.203913E+00
 1.340992E-01   0.000000E+00   0.000000E+00   0.000000E+00   3.229378E-01   6.770622E-01   4.702965E+00
 2.202508E-01   0.000000E+00   0.000000E+00   0.000000E+00   2.894710E-01   7.105290E-01   5.454191E+00
 3.136657E-01   0.000000E+00   0.000000E+00   0.000000E+00   2.517443E-01   7.482557E-01   6.548280E+00
 4.047208E-01   0.000000E+00   0.000000E+00   0.000000E+00   2.212954E-01   7.787046E-01   7.711927E+00
 4.925634E-01   0.000000E+00   0.000000E+00   0.000000E+00   1.951297E-01   8.048703E-01   9.010899E+00
 5.770037E-01   0.000000E+00   0.000000E+00   0.000000E+00   1.723467E-01   8.276533E-01   1.047274E+01
 6.575051E-01   0.000000E+00   0.000000E+00   0.000000E+00   1.515101E-01   8.484899E-01   1.220573E+01
 7.339239E-01   0.000000E+00   0.000000E+00   0.000000E+00   1.323191E-01   8.676809E-01   1.429821E+01
 8.057863E-01   0.000000E+00   0.000000E+00   0.000000E+00   1.143370E-01   8.856630E-01   1.691349E+01
 8.724348E-01   0.000000E+00   0.000000E+00   0.000000E+00   9.769829E-02   9.023017E-01   2.021296E+01
 9.333535E-01   0.000000E+00   0.000000E+00   0.000000E+00   7.904409E-02   9.209559E-01   2.560489E+01
 r/a            s_alpha        s_alpha_i      s_alpha_e      frac_ai        frac_ae        E_alpha/E_c
                (MW/cm^3)      (MW/cm^3)      (MW/cm^3)                                    
 0.000000E+00   0.000000E+00   0.000000E+00   0.000000E+00   3.631083E-01   6.368917E-01   3.987788E+00
 5.882502E-02   0.000000E+00   0.000000E+00   0.000000E+00   3.507900E-01   6.492100E-01   4.190022E+00
 1.340992E-01   0.000000E+00   0.000000E+00   0.000000E+00   3.229832E-01   6.770168E-01   4.702054E+00
 2.202508E-01   0.000000E+00   0.000000E+00   0.000000E+00   2.890706E-01   7.109294E-01   5.464263E+00
 3.136657E-01   0.000000E+00   0.000000E+00   0.000000E+00   2.517443E-01   7.482557E-01   6.548279E+00
 4.047208E-01   0.000000E+00   0.000000E+00   0.000000E+00   2.212783E-01   7.787217E-01   7.712673E+00
 4.925634E-01   0.000000E+00   0.000000E+00   0.000000E+00   1.951267E-01   8.048733E-01   9.011067E+00
 5.770037E-01   0.000000E+00   0.000000E+00   0.000000E+00   1.723566E-01   8.276434E-01   1.047201E+01
 6.575051E-01   0.000000E+00   0.000000E+00   0.000000E+00   1.515171E-01   8.484829E-01   1.220506E+01
 7.339239E-01   0.000000E+00   0.000000E+00   0.000000E+00   1.323223E-01   8.676777E-01   1.429780E+01
 8.057863E-01   0.000000E+00   0.000000E+00   0.000000E+00   1.143380E-01   8.856620E-01   1.691331E+01
 8.724348E-01   0.000000E+00   0.000000E+00   0.000000E+00   9.769891E-02   9.023011E-01   2.021281E+01
 9.333535E-01   0.000000E+00   0.000000E+00   0.000000E+00   7.904409E-02   9.209559E-01   2.560489E+01
 r/a            s_alpha        s_alpha_i      s_alpha_e      frac_ai        frac_ae        E_alpha/E_c
                (MW/cm^3)      (MW/cm^3)      (MW/cm^3)                                    
 0.000000E+00   0.000000E+00   0.000000E+00   0.000000E+00   3.623720E-01   6.376280E-01   3.999553E+00
 5.882502E-02   0.000000E+00   0.000000E+00   0.000000E+00   3.500418E-01   6.499582E-01   4.202701E+00
 1.340992E-01   0.000000E+00   0.000000E+00   0.000000E+00   3.224196E-01   6.775804E-01   4.713374E+00
 2.202508E-01   0.000000E+00   0.000000E+00   0.000000E+00   2.888950E-01   7.111050E-01   5.468690E+00
 3.136657E-01   0.000000E+00   0.000000E+00   0.000000E+00   2.517475E-01   7.482525E-01   6.548173E+00
 4.047208E-01   0.000000E+00   0.000000E+00   0.000000E+00   2.212765E-01   7.787235E-01   7.712751E+00
 4.925634E-01   0.000000E+00   0.000000E+00   0.000000E+00   1.951271E-01   8.048729E-01   9.011046E+00
 5.770037E-01   0.000000E+00   0.000000E+00   0.000000E+00   1.723594E-01   8.276406E-01   1.047181E+01
 6.575051E-01   0.000000E+00   0.000000E+00   0.000000E+00   1.515190E-01   8.484810E-01   1.220489E+01
 7.339239E-01   0.000000E+00   0.000000E+00   0.000000E+00   1.323235E-01   8.676765E-01   1.429766E+01
 8.057863E-01   0.000000E+00   0.000000E+00   0.000000E+00   1.143387E-01   8.856613E-01   1.691320E+01
 8.724348E-01   0.000000E+00   0.000000E+00   0.000000E+00   9.769926E-02   9.023007E-01   2.021273E+01
 9.333535E-01   0.000000E+00   0.000000E+00   0.000000E+00   7.904409E-02   9.209559E-01   2.560489E+01
 r/a            s_alpha        s_alpha_i      s_alpha_e      frac_ai        frac_ae        E_alpha/E_c
                (MW/cm^3)      (MW/cm^3)      (MW/cm^3)                                    
 0.000000E+00   0.000000E+00   0.000000E+00   0.000000E+00   3.623720E-01   6.376280E-01   3.999553E+00
 5.882502E-02   0.000000E+00   0.000000E+00   0.000000E+00   3.500418E-01   6.499582E-01   4.202701E+00
 1.340992E-01   0.000000E+00   0.000000E+00   0.000000E+00   3.224196E-01   6.775804E-01   4.713374E+00
 2.202508E-01   0.000000E+00   0.000000E+00   0.000000E+00   2.888950E-01   7.111050E-01   5.468690E+00
 3.136657E-01   0.000000E+00   0.000000E+00   0.000000E+00   2.517475E-01   7.482525E-01   6.548173E+00
 4.047208E-01   0.000000E+00   0.000000E+00   0.000000E+00   2.212765E-01   7.787235E-01   7.712751E+00
 4.925634E-01   0.000000E+00   0.000000E+00   0.000000E+00   1.951271E-01   8.048729E-01   9.011046E+00
 5.770037E-01   0.000000E+00   0.000000E+00   0.000000E+00   1.723594E-01   8.276406E-01   1.047181E+01
 6.575051E-01   0.000000E+00   0.000000E+00   0.000000E+00   1.515190E-01   8.484810E-01   1.220489E+01
 7.339239E-01   0.000000E+00   0.000000E+00   0.000000E+00   1.323235E-01   8.676765E-01   1.429766E+01
 8.057863E-01   0.000000E+00   0.000000E+00   0.000000E+00   1.143387E-01   8.856613E-01   1.691320E+01
 8.724348E-01   0.000000E+00   0.000000E+00   0.000000E+00   9.769926E-02   9.023007E-01   2.021273E+01
 9.333535E-01   0.000000E+00   0.000000E+00   0.000000E+00   7.904409E-02   9.209559E-01   2.560489E+01
 r/a            s_alpha        s_alpha_i      s_alpha_e      frac_ai        frac_ae        E_alpha/E_c
                (MW/cm^3)      (MW/cm^3)      (MW/cm^3)                                    
 0.000000E+00   0.000000E+00   0.000000E+00   0.000000E+00   3.623720E-01   6.376280E-01   3.999553E+00
 5.882502E-02   0.000000E+00   0.000000E+00   0.000000E+00   3.500418E-01   6.499582E-01   4.202701E+00
 1.340992E-01   0.000000E+00   0.000000E+00   0.000000E+00   3.224196E-01   6.775804E-01   4.713374E+00
 2.202508E-01   0.000000E+00   0.000000E+00   0.000000E+00   2.888950E-01   7.111050E-01   5.468690E+00
 3.136657E-01   0.000000E+00   0.000000E+00   0.000000E+00   2.517475E-01   7.482525E-01   6.548173E+00
 4.047208E-01   0.000000E+00   0.000000E+00   0.000000E+00   2.212765E-01   7.787235E-01   7.712751E+00
 4.925634E-01   0.000000E+00   0.000000E+00   0.000000E+00   1.951271E-01   8.048729E-01   9.011046E+00
 5.770037E-01   0.000000E+00   0.000000E+00   0.000000E+00   1.723594E-01   8.276406E-01   1.047181E+01
 6.575051E-01   0.000000E+00   0.000000E+00   0.000000E+00   1.515190E-01   8.484810E-01   1.220489E+01
 7.339239E-01   0.000000E+00   0.000000E+00   0.000000E+00   1.323235E-01   8.676765E-01   1.429766E+01
 8.057863E-01   0.000000E+00   0.000000E+00   0.000000E+00   1.143387E-01   8.856613E-01   1.691320E+01
 8.724348E-01   0.000000E+00   0.000000E+00   0.000000E+00   9.769926E-02   9.023007E-01   2.021273E+01
 9.333535E-01   0.000000E+00   0.000000E+00   0.000000E+00   7.904409E-02   9.209559E-01   2.560489E+01
 r/a            s_alpha        s_alpha_i      s_alpha_e      frac_ai        frac_ae        E_alpha/E_c
                (MW/cm^3)      (MW/cm^3)      (MW/cm^3)                                    
 0.000000E+00   0.000000E+00   0.000000E+00   0.000000E+00   3.623720E-01   6.376280E-01   3.999553E+00
 5.882502E-02   0.000000E+00   0.000000E+00   0.000000E+00   3.500418E-01   6.499582E-01   4.202701E+00
 1.340992E-01   0.000000E+00   0.000000E+00   0.000000E+00   3.224196E-01   6.775804E-01   4.713374E+00
 2.202508E-01   0.000000E+00   0.000000E+00   0.000000E+00   2.888950E-01   7.111050E-01   5.468690E+00
 3.136657E-01   0.000000E+00   0.000000E+00   0.000000E+00   2.517475E-01   7.482525E-01   6.548173E+00
 4.047208E-01   0.000000E+00   0.000000E+00   0.000000E+00   2.212765E-01   7.787235E-01   7.712751E+00
 4.925634E-01   0.000000E+00   0.000000E+00   0.000000E+00   1.951271E-01   8.048729E-01   9.011046E+00
 5.770037E-01   0.000000E+00   0.000000E+00   0.000000E+00   1.723594E-01   8.276406E-01   1.047181E+01
 6.575051E-01   0.000000E+00   0.000000E+00   0.000000E+00   1.515190E-01   8.484810E-01   1.220489E+01
 7.339239E-01   0.000000E+00   0.000000E+00   0.000000E+00   1.323235E-01   8.676765E-01   1.429766E+01
 8.057863E-01   0.000000E+00   0.000000E+00   0.000000E+00   1.143387E-01   8.856613E-01   1.691320E+01
 8.724348E-01   0.000000E+00   0.000000E+00   0.000000E+00   9.769926E-02   9.023007E-01   2.021273E+01
 9.333535E-01   0.000000E+00   0.000000E+00   0.000000E+00   7.904409E-02   9.209559E-01   2.560489E+01
 r/a            s_alpha        s_alpha_i      s_alpha_e      frac_ai        frac_ae        E_alpha/E_c
                (MW/cm^3)      (MW/cm^3)      (MW/cm^3)                                    
 0.000000E+00   0.000000E+00   0.000000E+00   0.000000E+00   3.623720E-01   6.376280E-01   3.999553E+00
 5.882502E-02   0.000000E+00   0.000000E+00   0.000000E+00   3.500418E-01   6.499582E-01   4.202701E+00
 1.340992E-01   0.000000E+00   0.000000E+00   0.000000E+00   3.224196E-01   6.775804E-01   4.713374E+00
 2.202508E-01   0.000000E+00   0.000000E+00   0.000000E+00   2.888950E-01   7.111050E-01   5.468690E+00
 3.136657E-01   0.000000E+00   0.000000E+00   0.000000E+00   2.517475E-01   7.482525E-01   6.548173E+00
 4.047208E-01   0.000000E+00   0.000000E+00   0.000000E+00   2.212765E-01   7.787235E-01   7.712751E+00
 4.925634E-01   0.000000E+00   0.000000E+00   0.000000E+00   1.951271E-01   8.048729E-01   9.011046E+00
 5.770037E-01   0.000000E+00   0.000000E+00   0.000000E+00   1.723594E-01   8.276406E-01   1.047181E+01
 6.575051E-01   0.000000E+00   0.000000E+00   0.000000E+00   1.515190E-01   8.484810E-01   1.220489E+01
 7.339239E-01   0.000000E+00   0.000000E+00   0.000000E+00   1.323235E-01   8.676765E-01   1.429766E+01
 8.057863E-01   0.000000E+00   0.000000E+00   0.000000E+00   1.143387E-01   8.856613E-01   1.691320E+01
 8.724348E-01   0.000000E+00   0.000000E+00   0.000000E+00   9.769926E-02   9.023007E-01   2.021273E+01
 9.333535E-01   0.000000E+00   0.000000E+00   0.000000E+00   7.904409E-02   9.209559E-01   2.560489E+01
 r/a            s_alpha        s_alpha_i      s_alpha_e      frac_ai        frac_ae        E_alpha/E_c
                (MW/cm^3)      (MW/cm^3)      (MW/cm^3)                                    
 0.000000E+00   0.000000E+00   0.000000E+00   0.000000E+00   3.623720E-01   6.376280E-01   3.999553E+00
 5.882502E-02   0.000000E+00   0.000000E+00   0.000000E+00   3.500418E-01   6.499582E-01   4.202701E+00
 1.340992E-01   0.000000E+00   0.000000E+00   0.000000E+00   3.224196E-01   6.775804E-01   4.713374E+00
 2.202508E-01   0.000000E+00   0.000000E+00   0.000000E+00   2.888950E-01   7.111050E-01   5.468690E+00
 3.136657E-01   0.000000E+00   0.000000E+00   0.000000E+00   2.517475E-01   7.482525E-01   6.548173E+00
 4.047208E-01   0.000000E+00   0.000000E+00   0.000000E+00   2.212765E-01   7.787235E-01   7.712751E+00
 4.925634E-01   0.000000E+00   0.000000E+00   0.000000E+00   1.951271E-01   8.048729E-01   9.011046E+00
 5.770037E-01   0.000000E+00   0.000000E+00   0.000000E+00   1.723594E-01   8.276406E-01   1.047181E+01
 6.575051E-01   0.000000E+00   0.000000E+00   0.000000E+00   1.515190E-01   8.484810E-01   1.220489E+01
 7.339239E-01   0.000000E+00   0.000000E+00   0.000000E+00   1.323235E-01   8.676765E-01   1.429766E+01
 8.057863E-01   0.000000E+00   0.000000E+00   0.000000E+00   1.143387E-01   8.856613E-01   1.691320E+01
 8.724348E-01   0.000000E+00   0.000000E+00   0.000000E+00   9.769926E-02   9.023007E-01   2.021273E+01
 9.333535E-01   0.000000E+00   0.000000E+00   0.000000E+00   7.904409E-02   9.209559E-01   2.560489E+01
 r/a            s_alpha        s_alpha_i      s_alpha_e      frac_ai        frac_ae        E_alpha/E_c
                (MW/cm^3)      (MW/cm^3)      (MW/cm^3)                                    
 0.000000E+00   0.000000E+00   0.000000E+00   0.000000E+00   3.623805E-01   6.376195E-01   3.999417E+00
 5.882502E-02   0.000000E+00   0.000000E+00   0.000000E+00   3.500454E-01   6.499546E-01   4.202639E+00
 1.340992E-01   0.000000E+00   0.000000E+00   0.000000E+00   3.224301E-01   6.775699E-01   4.713162E+00
 2.202508E-01   0.000000E+00   0.000000E+00   0.000000E+00   2.889096E-01   7.110904E-01   5.468323E+00
 3.136657E-01   0.000000E+00   0.000000E+00   0.000000E+00   2.517508E-01   7.482492E-01   6.548062E+00
 4.047208E-01   0.000000E+00   0.000000E+00   0.000000E+00   2.212784E-01   7.787216E-01   7.712668E+00
 4.925634E-01   0.000000E+00   0.000000E+00   0.000000E+00   1.951285E-01   8.048715E-01   9.010964E+00
 5.770037E-01   0.000000E+00   0.000000E+00   0.000000E+00   1.723606E-01   8.276394E-01   1.047173E+01
 6.575051E-01   0.000000E+00   0.000000E+00   0.000000E+00   1.515198E-01   8.484802E-01   1.220481E+01
 7.339239E-01   0.000000E+00   0.000000E+00   0.000000E+00   1.323240E-01   8.676760E-01   1.429760E+01
 8.057863E-01   0.000000E+00   0.000000E+00   0.000000E+00   1.143389E-01   8.856611E-01   1.691316E+01
 8.724348E-01   0.000000E+00   0.000000E+00   0.000000E+00   9.769938E-02   9.023006E-01   2.021270E+01
 9.333535E-01   0.000000E+00   0.000000E+00   0.000000E+00   7.904409E-02   9.209559E-01   2.560489E+01
 r/a            s_alpha        s_alpha_i      s_alpha_e      frac_ai        frac_ae        E_alpha/E_c
                (MW/cm^3)      (MW/cm^3)      (MW/cm^3)                                    
 0.000000E+00   0.000000E+00   0.000000E+00   0.000000E+00   3.623805E-01   6.376195E-01   3.999417E+00
 5.882502E-02   0.000000E+00   0.000000E+00   0.000000E+00   3.500454E-01   6.499546E-01   4.202639E+00
 1.340992E-01   0.000000E+00   0.000000E+00   0.000000E+00   3.224301E-01   6.775699E-01   4.713162E+00
 2.202508E-01   0.000000E+00   0.000000E+00   0.000000E+00   2.889096E-01   7.110904E-01   5.468323E+00
 3.136657E-01   0.000000E+00   0.000000E+00   0.000000E+00   2.517508E-01   7.482492E-01   6.548062E+00
 4.047208E-01   0.000000E+00   0.000000E+00   0.000000E+00   2.212784E-01   7.787216E-01   7.712668E+00
 4.925634E-01   0.000000E+00   0.000000E+00   0.000000E+00   1.951285E-01   8.048715E-01   9.010964E+00
 5.770037E-01   0.000000E+00   0.000000E+00   0.000000E+00   1.723606E-01   8.276394E-01   1.047173E+01
 6.575051E-01   0.000000E+00   0.000000E+00   0.000000E+00   1.515198E-01   8.484802E-01   1.220481E+01
 7.339239E-01   0.000000E+00   0.000000E+00   0.000000E+00   1.323240E-01   8.676760E-01   1.429760E+01
 8.057863E-01   0.000000E+00   0.000000E+00   0.000000E+00   1.143389E-01   8.856611E-01   1.691316E+01
 8.724348E-01   0.000000E+00   0.000000E+00   0.000000E+00   9.769938E-02   9.023006E-01   2.021270E+01
 9.333535E-01   0.000000E+00   0.000000E+00   0.000000E+00   7.904409E-02   9.209559E-01   2.560489E+01
 r/a            s_alpha        s_alpha_i      s_alpha_e      frac_ai        frac_ae        E_alpha/E_c
                (MW/cm^3)      (MW/cm^3)      (MW/cm^3)                                    
 0.000000E+00   0.000000E+00   0.000000E+00   0.000000E+00   3.623805E-01   6.376195E-01   3.999417E+00
 5.882502E-02   0.000000E+00   0.000000E+00   0.000000E+00   3.500454E-01   6.499546E-01   4.202639E+00
 1.340992E-01   0.000000E+00   0.000000E+00   0.000000E+00   3.224301E-01   6.775699E-01   4.713162E+00
 2.202508E-01   0.000000E+00   0.000000E+00   0.000000E+00   2.889096E-01   7.110904E-01   5.468323E+00
 3.136657E-01   0.000000E+00   0.000000E+00   0.000000E+00   2.517508E-01   7.482492E-01   6.548062E+00
 4.047208E-01   0.000000E+00   0.000000E+00   0.000000E+00   2.212784E-01   7.787216E-01   7.712668E+00
 4.925634E-01   0.000000E+00   0.000000E+00   0.000000E+00   1.951285E-01   8.048715E-01   9.010964E+00
 5.770037E-01   0.000000E+00   0.000000E+00   0.000000E+00   1.723606E-01   8.276394E-01   1.047173E+01
 6.575051E-01   0.000000E+00   0.000000E+00   0.000000E+00   1.515198E-01   8.484802E-01   1.220481E+01
 7.339239E-01   0.000000E+00   0.000000E+00   0.000000E+00   1.323240E-01   8.676760E-01   1.429760E+01
 8.057863E-01   0.000000E+00   0.000000E+00   0.000000E+00   1.143389E-01   8.856611E-01   1.691316E+01
 8.724348E-01   0.000000E+00   0.000000E+00   0.000000E+00   9.769938E-02   9.023006E-01   2.021270E+01
 9.333535E-01   0.000000E+00   0.000000E+00   0.000000E+00   7.904409E-02   9.209559E-01   2.560489E+01
 r/a            s_alpha        s_alpha_i      s_alpha_e      frac_ai        frac_ae        E_alpha/E_c
                (MW/cm^3)      (MW/cm^3)      (MW/cm^3)                                    
 0.000000E+00   0.000000E+00   0.000000E+00   0.000000E+00   3.623805E-01   6.376195E-01   3.999417E+00
 5.882502E-02   0.000000E+00   0.000000E+00   0.000000E+00   3.500454E-01   6.499546E-01   4.202639E+00
 1.340992E-01   0.000000E+00   0.000000E+00   0.000000E+00   3.224301E-01   6.775699E-01   4.713162E+00
 2.202508E-01   0.000000E+00   0.000000E+00   0.000000E+00   2.889096E-01   7.110904E-01   5.468323E+00
 3.136657E-01   0.000000E+00   0.000000E+00   0.000000E+00   2.517508E-01   7.482492E-01   6.548062E+00
 4.047208E-01   0.000000E+00   0.000000E+00   0.000000E+00   2.212784E-01   7.787216E-01   7.712668E+00
 4.925634E-01   0.000000E+00   0.000000E+00   0.000000E+00   1.951285E-01   8.048715E-01   9.010964E+00
 5.770037E-01   0.000000E+00   0.000000E+00   0.000000E+00   1.723606E-01   8.276394E-01   1.047173E+01
 6.575051E-01   0.000000E+00   0.000000E+00   0.000000E+00   1.515198E-01   8.484802E-01   1.220481E+01
 7.339239E-01   0.000000E+00   0.000000E+00   0.000000E+00   1.323240E-01   8.676760E-01   1.429760E+01
 8.057863E-01   0.000000E+00   0.000000E+00   0.000000E+00   1.143389E-01   8.856611E-01   1.691316E+01
 8.724348E-01   0.000000E+00   0.000000E+00   0.000000E+00   9.769938E-02   9.023006E-01   2.021270E+01
 9.333535E-01   0.000000E+00   0.000000E+00   0.000000E+00   7.904409E-02   9.209559E-01   2.560489E+01
