 r/a            s_alpha        s_alpha_i      s_alpha_e      frac_ai        frac_ae        E_alpha/E_c
                (MW/cm^3)      (MW/cm^3)      (MW/cm^3)                                    
 0.000000E+00   0.000000E+00   0.000000E+00   0.000000E+00   2.849702E-01   7.150298E-01   5.569086E+00
 5.788836E-02   0.000000E+00   0.000000E+00   0.000000E+00   2.829115E-01   7.170885E-01   5.622894E+00
 1.324141E-01   0.000000E+00   0.000000E+00   0.000000E+00   2.798049E-01   7.201951E-01   5.705633E+00
 2.189523E-01   0.000000E+00   0.000000E+00   0.000000E+00   2.701684E-01   7.298316E-01   5.974735E+00
 3.118732E-01   0.000000E+00   0.000000E+00   0.000000E+00   2.436552E-01   7.563448E-01   6.828291E+00
 4.025627E-01   0.000000E+00   0.000000E+00   0.000000E+00   2.150186E-01   7.849814E-01   7.993957E+00
 4.905230E-01   0.000000E+00   0.000000E+00   0.000000E+00   1.905967E-01   8.094033E-01   9.273197E+00
 5.753155E-01   0.000000E+00   0.000000E+00   0.000000E+00   1.681575E-01   8.318425E-01   1.078582E+01
 6.563117E-01   0.000000E+00   0.000000E+00   0.000000E+00   1.479364E-01   8.520636E-01   1.255329E+01
 7.333101E-01   0.000000E+00   0.000000E+00   0.000000E+00   1.290182E-01   8.709818E-01   1.472244E+01
 8.057999E-01   0.000000E+00   0.000000E+00   0.000000E+00   1.119125E-01   8.880875E-01   1.733192E+01
 8.732010E-01   0.000000E+00   0.000000E+00   0.000000E+00   9.412787E-02   9.058721E-01   2.107645E+01
 9.346697E-01   0.000000E+00   0.000000E+00   0.000000E+00   7.904314E-02   9.209569E-01   2.560523E+01
 r/a            s_alpha        s_alpha_i      s_alpha_e      frac_ai        frac_ae        E_alpha/E_c
                (MW/cm^3)      (MW/cm^3)      (MW/cm^3)                                    
 0.000000E+00   0.000000E+00   0.000000E+00   0.000000E+00   2.840214E-01   7.159786E-01   5.593785E+00
 5.788836E-02   0.000000E+00   0.000000E+00   0.000000E+00   2.820134E-01   7.179866E-01   5.646620E+00
 1.324141E-01   0.000000E+00   0.000000E+00   0.000000E+00   2.790502E-01   7.209498E-01   5.726019E+00
 2.189523E-01   0.000000E+00   0.000000E+00   0.000000E+00   2.695448E-01   7.304552E-01   5.992831E+00
 3.118732E-01   0.000000E+00   0.000000E+00   0.000000E+00   2.431173E-01   7.568827E-01   6.847590E+00
 4.025627E-01   0.000000E+00   0.000000E+00   0.000000E+00   2.145577E-01   7.854423E-01   8.015334E+00
 4.905230E-01   0.000000E+00   0.000000E+00   0.000000E+00   1.901964E-01   8.098036E-01   9.296977E+00
 5.753155E-01   0.000000E+00   0.000000E+00   0.000000E+00   1.678058E-01   8.321942E-01   1.081283E+01
 6.563117E-01   0.000000E+00   0.000000E+00   0.000000E+00   1.476284E-01   8.523716E-01   1.258405E+01
 7.333101E-01   0.000000E+00   0.000000E+00   0.000000E+00   1.287512E-01   8.712488E-01   1.475773E+01
 8.057999E-01   0.000000E+00   0.000000E+00   0.000000E+00   1.116833E-01   8.883167E-01   1.737245E+01
 8.732010E-01   0.000000E+00   0.000000E+00   0.000000E+00   9.394632E-02   9.060537E-01   2.112214E+01
 9.346697E-01   0.000000E+00   0.000000E+00   0.000000E+00   7.904314E-02   9.209569E-01   2.560523E+01
 r/a            s_alpha        s_alpha_i      s_alpha_e      frac_ai        frac_ae        E_alpha/E_c
                (MW/cm^3)      (MW/cm^3)      (MW/cm^3)                                    
 0.000000E+00   0.000000E+00   0.000000E+00   0.000000E+00   2.883166E-01   7.116834E-01   5.483310E+00
 5.788836E-02   0.000000E+00   0.000000E+00   0.000000E+00   2.832656E-01   7.167344E-01   5.613581E+00
 1.324141E-01   0.000000E+00   0.000000E+00   0.000000E+00   2.774347E-01   7.225653E-01   5.770040E+00
 2.189523E-01   0.000000E+00   0.000000E+00   0.000000E+00   2.694868E-01   7.305132E-01   5.994518E+00
 3.118732E-01   0.000000E+00   0.000000E+00   0.000000E+00   2.434514E-01   7.565486E-01   6.835591E+00
 4.025627E-01   0.000000E+00   0.000000E+00   0.000000E+00   2.149348E-01   7.850652E-01   7.997836E+00
 4.905230E-01   0.000000E+00   0.000000E+00   0.000000E+00   1.907942E-01   8.092058E-01   9.261499E+00
 5.753155E-01   0.000000E+00   0.000000E+00   0.000000E+00   1.684887E-01   8.315113E-01   1.076049E+01
 6.563117E-01   0.000000E+00   0.000000E+00   0.000000E+00   1.482418E-01   8.517582E-01   1.252291E+01
 7.333101E-01   0.000000E+00   0.000000E+00   0.000000E+00   1.293362E-01   8.706638E-01   1.468061E+01
 8.057999E-01   0.000000E+00   0.000000E+00   0.000000E+00   1.122513E-01   8.877487E-01   1.727235E+01
 8.732010E-01   0.000000E+00   0.000000E+00   0.000000E+00   9.459311E-02   9.054069E-01   2.096016E+01
 9.346697E-01   0.000000E+00   0.000000E+00   0.000000E+00   7.904314E-02   9.209569E-01   2.560523E+01
 r/a            s_alpha        s_alpha_i      s_alpha_e      frac_ai        frac_ae        E_alpha/E_c
                (MW/cm^3)      (MW/cm^3)      (MW/cm^3)                                    
 0.000000E+00   0.000000E+00   0.000000E+00   0.000000E+00   2.954644E-01   7.045356E-01   5.306778E+00
 5.788836E-02   0.000000E+00   0.000000E+00   0.000000E+00   2.892140E-01   7.107860E-01   5.460654E+00
 1.324141E-01   0.000000E+00   0.000000E+00   0.000000E+00   2.808011E-01   7.191989E-01   5.678895E+00
 2.189523E-01   0.000000E+00   0.000000E+00   0.000000E+00   2.715907E-01   7.284093E-01   5.933781E+00
 3.118732E-01   0.000000E+00   0.000000E+00   0.000000E+00   2.454661E-01   7.545339E-01   6.763958E+00
 4.025627E-01   0.000000E+00   0.000000E+00   0.000000E+00   2.166125E-01   7.833875E-01   7.920748E+00
 4.905230E-01   0.000000E+00   0.000000E+00   0.000000E+00   1.922385E-01   8.077615E-01   9.176729E+00
 5.753155E-01   0.000000E+00   0.000000E+00   0.000000E+00   1.697882E-01   8.302118E-01   1.066207E+01
 6.563117E-01   0.000000E+00   0.000000E+00   0.000000E+00   1.493780E-01   8.506220E-01   1.241104E+01
 7.333101E-01   0.000000E+00   0.000000E+00   0.000000E+00   1.303869E-01   8.696131E-01   1.454387E+01
 8.057999E-01   0.000000E+00   0.000000E+00   0.000000E+00   1.131361E-01   8.868639E-01   1.711845E+01
 8.732010E-01   0.000000E+00   0.000000E+00   0.000000E+00   9.553163E-02   9.044684E-01   2.072910E+01
 9.346697E-01   0.000000E+00   0.000000E+00   0.000000E+00   7.904314E-02   9.209569E-01   2.560523E+01
 r/a            s_alpha        s_alpha_i      s_alpha_e      frac_ai        frac_ae        E_alpha/E_c
                (MW/cm^3)      (MW/cm^3)      (MW/cm^3)                                    
 0.000000E+00   0.000000E+00   0.000000E+00   0.000000E+00   3.002339E-01   6.997661E-01   5.193792E+00
 5.788836E-02   0.000000E+00   0.000000E+00   0.000000E+00   2.937610E-01   7.062390E-01   5.348046E+00
 1.324141E-01   0.000000E+00   0.000000E+00   0.000000E+00   2.849270E-01   7.150730E-01   5.570208E+00
 2.189523E-01   0.000000E+00   0.000000E+00   0.000000E+00   2.738213E-01   7.261787E-01   5.870435E+00
 3.118732E-01   0.000000E+00   0.000000E+00   0.000000E+00   2.461625E-01   7.538375E-01   6.739475E+00
 4.025627E-01   0.000000E+00   0.000000E+00   0.000000E+00   2.172199E-01   7.827801E-01   7.893140E+00
 4.905230E-01   0.000000E+00   0.000000E+00   0.000000E+00   1.925139E-01   8.074861E-01   9.160713E+00
 5.753155E-01   0.000000E+00   0.000000E+00   0.000000E+00   1.699256E-01   8.300744E-01   1.065175E+01
 6.563117E-01   0.000000E+00   0.000000E+00   0.000000E+00   1.493615E-01   8.506385E-01   1.241265E+01
 7.333101E-01   0.000000E+00   0.000000E+00   0.000000E+00   1.302764E-01   8.697236E-01   1.455814E+01
 8.057999E-01   0.000000E+00   0.000000E+00   0.000000E+00   1.128364E-01   8.871636E-01   1.717031E+01
 8.732010E-01   0.000000E+00   0.000000E+00   0.000000E+00   9.603650E-02   9.039635E-01   2.060670E+01
 9.346697E-01   0.000000E+00   0.000000E+00   0.000000E+00   7.904314E-02   9.209569E-01   2.560523E+01
 r/a            s_alpha        s_alpha_i      s_alpha_e      frac_ai        frac_ae        E_alpha/E_c
                (MW/cm^3)      (MW/cm^3)      (MW/cm^3)                                    
 0.000000E+00   0.000000E+00   0.000000E+00   0.000000E+00   3.123407E-01   6.876593E-01   4.922920E+00
 5.788836E-02   0.000000E+00   0.000000E+00   0.000000E+00   3.052354E-01   6.947646E-01   5.079210E+00
 1.324141E-01   0.000000E+00   0.000000E+00   0.000000E+00   2.955845E-01   7.044155E-01   5.303889E+00
 2.189523E-01   0.000000E+00   0.000000E+00   0.000000E+00   2.799578E-01   7.200422E-01   5.701517E+00
 3.118732E-01   0.000000E+00   0.000000E+00   0.000000E+00   2.480691E-01   7.519309E-01   6.673174E+00
 4.025627E-01   0.000000E+00   0.000000E+00   0.000000E+00   2.188405E-01   7.811595E-01   7.820251E+00
 4.905230E-01   0.000000E+00   0.000000E+00   0.000000E+00   1.935611E-01   8.064389E-01   9.100235E+00
 5.753155E-01   0.000000E+00   0.000000E+00   0.000000E+00   1.707750E-01   8.292250E-01   1.058836E+01
 6.563117E-01   0.000000E+00   0.000000E+00   0.000000E+00   1.499889E-01   8.500111E-01   1.235160E+01
 7.333101E-01   0.000000E+00   0.000000E+00   0.000000E+00   1.308657E-01   8.691343E-01   1.448230E+01
 8.057999E-01   0.000000E+00   0.000000E+00   0.000000E+00   1.133151E-01   8.866849E-01   1.708762E+01
 8.732010E-01   0.000000E+00   0.000000E+00   0.000000E+00   9.633662E-02   9.036634E-01   2.053457E+01
 9.346697E-01   0.000000E+00   0.000000E+00   0.000000E+00   7.904314E-02   9.209569E-01   2.560523E+01
 r/a            s_alpha        s_alpha_i      s_alpha_e      frac_ai        frac_ae        E_alpha/E_c
                (MW/cm^3)      (MW/cm^3)      (MW/cm^3)                                    
 0.000000E+00   0.000000E+00   0.000000E+00   0.000000E+00   3.259306E-01   6.740694E-01   4.643511E+00
 5.788836E-02   0.000000E+00   0.000000E+00   0.000000E+00   3.183523E-01   6.816477E-01   4.796291E+00
 1.324141E-01   0.000000E+00   0.000000E+00   0.000000E+00   3.063648E-01   6.936352E-01   5.053869E+00
 2.189523E-01   0.000000E+00   0.000000E+00   0.000000E+00   2.841929E-01   7.158071E-01   5.589310E+00
 3.118732E-01   0.000000E+00   0.000000E+00   0.000000E+00   2.482148E-01   7.517852E-01   6.668150E+00
 4.025627E-01   0.000000E+00   0.000000E+00   0.000000E+00   2.188927E-01   7.811073E-01   7.817923E+00
 4.905230E-01   0.000000E+00   0.000000E+00   0.000000E+00   1.931818E-01   8.068182E-01   9.122063E+00
 5.753155E-01   0.000000E+00   0.000000E+00   0.000000E+00   1.702772E-01   8.297228E-01   1.062543E+01
 6.563117E-01   0.000000E+00   0.000000E+00   0.000000E+00   1.493379E-01   8.506621E-01   1.241496E+01
 7.333101E-01   0.000000E+00   0.000000E+00   0.000000E+00   1.300287E-01   8.699713E-01   1.459023E+01
 8.057999E-01   0.000000E+00   0.000000E+00   0.000000E+00   1.122526E-01   8.877474E-01   1.727212E+01
 8.732010E-01   0.000000E+00   0.000000E+00   0.000000E+00   9.651768E-02   9.034823E-01   2.049127E+01
 9.346697E-01   0.000000E+00   0.000000E+00   0.000000E+00   7.904314E-02   9.209569E-01   2.560523E+01
 r/a            s_alpha        s_alpha_i      s_alpha_e      frac_ai        frac_ae        E_alpha/E_c
                (MW/cm^3)      (MW/cm^3)      (MW/cm^3)                                    
 0.000000E+00   0.000000E+00   0.000000E+00   0.000000E+00   3.328420E-01   6.671580E-01   4.510420E+00
 5.788836E-02   0.000000E+00   0.000000E+00   0.000000E+00   3.260449E-01   6.739551E-01   4.641263E+00
 1.324141E-01   0.000000E+00   0.000000E+00   0.000000E+00   3.106425E-01   6.893575E-01   4.959604E+00
 2.189523E-01   0.000000E+00   0.000000E+00   0.000000E+00   2.845968E-01   7.154032E-01   5.578787E+00
 3.118732E-01   0.000000E+00   0.000000E+00   0.000000E+00   2.495798E-01   7.504202E-01   6.621379E+00
 4.025627E-01   0.000000E+00   0.000000E+00   0.000000E+00   2.200286E-01   7.799714E-01   7.767515E+00
 4.905230E-01   0.000000E+00   0.000000E+00   0.000000E+00   1.941290E-01   8.058710E-01   9.067721E+00
 5.753155E-01   0.000000E+00   0.000000E+00   0.000000E+00   1.711227E-01   8.288773E-01   1.056259E+01
 6.563117E-01   0.000000E+00   0.000000E+00   0.000000E+00   1.501279E-01   8.498721E-01   1.233815E+01
 7.333101E-01   0.000000E+00   0.000000E+00   0.000000E+00   1.308003E-01   8.691997E-01   1.449069E+01
 8.057999E-01   0.000000E+00   0.000000E+00   0.000000E+00   1.129499E-01   8.870501E-01   1.715063E+01
 8.732010E-01   0.000000E+00   0.000000E+00   0.000000E+00   9.685158E-02   9.031484E-01   2.041185E+01
 9.346697E-01   0.000000E+00   0.000000E+00   0.000000E+00   7.904314E-02   9.209569E-01   2.560523E+01
 r/a            s_alpha        s_alpha_i      s_alpha_e      frac_ai        frac_ae        E_alpha/E_c
                (MW/cm^3)      (MW/cm^3)      (MW/cm^3)                                    
 0.000000E+00   0.000000E+00   0.000000E+00   0.000000E+00   3.421034E-01   6.578966E-01   4.340760E+00
 5.788836E-02   0.000000E+00   0.000000E+00   0.000000E+00   3.346090E-01   6.653910E-01   4.477302E+00
 1.324141E-01   0.000000E+00   0.000000E+00   0.000000E+00   3.195313E-01   6.804687E-01   4.772033E+00
 2.189523E-01   0.000000E+00   0.000000E+00   0.000000E+00   2.898687E-01   7.101313E-01   5.444216E+00
 3.118732E-01   0.000000E+00   0.000000E+00   0.000000E+00   2.500804E-01   7.499196E-01   6.604357E+00
 4.025627E-01   0.000000E+00   0.000000E+00   0.000000E+00   2.204525E-01   7.795475E-01   7.748841E+00
 4.905230E-01   0.000000E+00   0.000000E+00   0.000000E+00   1.944422E-01   8.055578E-01   9.049870E+00
 5.753155E-01   0.000000E+00   0.000000E+00   0.000000E+00   1.714219E-01   8.285781E-01   1.054050E+01
 6.563117E-01   0.000000E+00   0.000000E+00   0.000000E+00   1.504251E-01   8.495749E-01   1.230946E+01
 7.333101E-01   0.000000E+00   0.000000E+00   0.000000E+00   1.311415E-01   8.688585E-01   1.444704E+01
 8.057999E-01   0.000000E+00   0.000000E+00   0.000000E+00   1.132901E-01   8.867099E-01   1.709192E+01
 8.732010E-01   0.000000E+00   0.000000E+00   0.000000E+00   9.701373E-02   9.029863E-01   2.037349E+01
 9.346697E-01   0.000000E+00   0.000000E+00   0.000000E+00   7.904314E-02   9.209569E-01   2.560523E+01
 r/a            s_alpha        s_alpha_i      s_alpha_e      frac_ai        frac_ae        E_alpha/E_c
                (MW/cm^3)      (MW/cm^3)      (MW/cm^3)                                    
 0.000000E+00   0.000000E+00   0.000000E+00   0.000000E+00   3.529936E-01   6.470064E-01   4.152999E+00
 5.788836E-02   0.000000E+00   0.000000E+00   0.000000E+00   3.449690E-01   6.550310E-01   4.290167E+00
 1.324141E-01   0.000000E+00   0.000000E+00   0.000000E+00   3.293713E-01   6.706287E-01   4.576535E+00
 2.189523E-01   0.000000E+00   0.000000E+00   0.000000E+00   2.947810E-01   7.052190E-01   5.323276E+00
 3.118732E-01   0.000000E+00   0.000000E+00   0.000000E+00   2.502085E-01   7.497915E-01   6.600014E+00
 4.025627E-01   0.000000E+00   0.000000E+00   0.000000E+00   2.204712E-01   7.795288E-01   7.748020E+00
 4.905230E-01   0.000000E+00   0.000000E+00   0.000000E+00   1.943205E-01   8.056795E-01   9.056798E+00
 5.753155E-01   0.000000E+00   0.000000E+00   0.000000E+00   1.712966E-01   8.287034E-01   1.054975E+01
 6.563117E-01   0.000000E+00   0.000000E+00   0.000000E+00   1.503138E-01   8.496862E-01   1.232019E+01
 7.333101E-01   0.000000E+00   0.000000E+00   0.000000E+00   1.310385E-01   8.689615E-01   1.446020E+01
 8.057999E-01   0.000000E+00   0.000000E+00   0.000000E+00   1.131536E-01   8.868464E-01   1.711544E+01
 8.732010E-01   0.000000E+00   0.000000E+00   0.000000E+00   9.702588E-02   9.029741E-01   2.037062E+01
 9.346697E-01   0.000000E+00   0.000000E+00   0.000000E+00   7.904314E-02   9.209569E-01   2.560523E+01
 r/a            s_alpha        s_alpha_i      s_alpha_e      frac_ai        frac_ae        E_alpha/E_c
                (MW/cm^3)      (MW/cm^3)      (MW/cm^3)                                    
 0.000000E+00   0.000000E+00   0.000000E+00   0.000000E+00   3.628581E-01   6.371419E-01   3.991781E+00
 5.788836E-02   0.000000E+00   0.000000E+00   0.000000E+00   3.524802E-01   6.475198E-01   4.161583E+00
 1.324141E-01   0.000000E+00   0.000000E+00   0.000000E+00   3.293531E-01   6.706469E-01   4.576885E+00
 2.189523E-01   0.000000E+00   0.000000E+00   0.000000E+00   2.924731E-01   7.075269E-01   5.379576E+00
 3.118732E-01   0.000000E+00   0.000000E+00   0.000000E+00   2.505287E-01   7.494713E-01   6.589172E+00
 4.025627E-01   0.000000E+00   0.000000E+00   0.000000E+00   2.205960E-01   7.794040E-01   7.742536E+00
 4.905230E-01   0.000000E+00   0.000000E+00   0.000000E+00   1.942413E-01   8.057587E-01   9.061316E+00
 5.753155E-01   0.000000E+00   0.000000E+00   0.000000E+00   1.711830E-01   8.288170E-01   1.055813E+01
 6.563117E-01   0.000000E+00   0.000000E+00   0.000000E+00   1.502386E-01   8.497614E-01   1.232745E+01
 7.333101E-01   0.000000E+00   0.000000E+00   0.000000E+00   1.309836E-01   8.690164E-01   1.446721E+01
 8.057999E-01   0.000000E+00   0.000000E+00   0.000000E+00   1.130372E-01   8.869628E-01   1.713553E+01
 8.732010E-01   0.000000E+00   0.000000E+00   0.000000E+00   9.709761E-02   9.029024E-01   2.035370E+01
 9.346697E-01   0.000000E+00   0.000000E+00   0.000000E+00   7.904314E-02   9.209569E-01   2.560523E+01
 r/a            s_alpha        s_alpha_i      s_alpha_e      frac_ai        frac_ae        E_alpha/E_c
                (MW/cm^3)      (MW/cm^3)      (MW/cm^3)                                    
 0.000000E+00   0.000000E+00   0.000000E+00   0.000000E+00   3.502117E-01   6.497883E-01   4.199817E+00
 5.788836E-02   0.000000E+00   0.000000E+00   0.000000E+00   3.432124E-01   6.567876E-01   4.321076E+00
 1.324141E-01   0.000000E+00   0.000000E+00   0.000000E+00   3.249988E-01   6.750012E-01   4.661900E+00
 2.189523E-01   0.000000E+00   0.000000E+00   0.000000E+00   2.909644E-01   7.090356E-01   5.416877E+00
 3.118732E-01   0.000000E+00   0.000000E+00   0.000000E+00   2.509747E-01   7.490253E-01   6.574124E+00
 4.025627E-01   0.000000E+00   0.000000E+00   0.000000E+00   2.208229E-01   7.791771E-01   7.732582E+00
 4.905230E-01   0.000000E+00   0.000000E+00   0.000000E+00   1.943215E-01   8.056785E-01   9.056741E+00
 5.753155E-01   0.000000E+00   0.000000E+00   0.000000E+00   1.712265E-01   8.287735E-01   1.055492E+01
 6.563117E-01   0.000000E+00   0.000000E+00   0.000000E+00   1.502897E-01   8.497103E-01   1.232252E+01
 7.333101E-01   0.000000E+00   0.000000E+00   0.000000E+00   1.310999E-01   8.689001E-01   1.445235E+01
 8.057999E-01   0.000000E+00   0.000000E+00   0.000000E+00   1.131755E-01   8.868245E-01   1.711166E+01
 8.732010E-01   0.000000E+00   0.000000E+00   0.000000E+00   9.719448E-02   9.028055E-01   2.033088E+01
 9.346697E-01   0.000000E+00   0.000000E+00   0.000000E+00   7.904314E-02   9.209569E-01   2.560523E+01
 r/a            s_alpha        s_alpha_i      s_alpha_e      frac_ai        frac_ae        E_alpha/E_c
                (MW/cm^3)      (MW/cm^3)      (MW/cm^3)                                    
 0.000000E+00   0.000000E+00   0.000000E+00   0.000000E+00   3.517000E-01   6.483000E-01   4.174675E+00
 5.788836E-02   0.000000E+00   0.000000E+00   0.000000E+00   3.418784E-01   6.581216E-01   4.344769E+00
 1.324141E-01   0.000000E+00   0.000000E+00   0.000000E+00   3.184226E-01   6.815774E-01   4.794838E+00
 2.189523E-01   0.000000E+00   0.000000E+00   0.000000E+00   2.873948E-01   7.126052E-01   5.506732E+00
 3.118732E-01   0.000000E+00   0.000000E+00   0.000000E+00   2.521098E-01   7.478902E-01   6.536063E+00
 4.025627E-01   0.000000E+00   0.000000E+00   0.000000E+00   2.217234E-01   7.782766E-01   7.693293E+00
 4.905230E-01   0.000000E+00   0.000000E+00   0.000000E+00   1.950942E-01   8.049058E-01   9.012905E+00
 5.753155E-01   0.000000E+00   0.000000E+00   0.000000E+00   1.720485E-01   8.279515E-01   1.049451E+01
 6.563117E-01   0.000000E+00   0.000000E+00   0.000000E+00   1.512531E-01   8.487469E-01   1.223016E+01
 7.333101E-01   0.000000E+00   0.000000E+00   0.000000E+00   1.320980E-01   8.679020E-01   1.432595E+01
 8.057999E-01   0.000000E+00   0.000000E+00   0.000000E+00   1.141204E-01   8.858796E-01   1.695013E+01
 8.732010E-01   0.000000E+00   0.000000E+00   0.000000E+00   9.760460E-02   9.023954E-01   2.023479E+01
 9.346697E-01   0.000000E+00   0.000000E+00   0.000000E+00   7.904314E-02   9.209569E-01   2.560523E+01
 r/a            s_alpha        s_alpha_i      s_alpha_e      frac_ai        frac_ae        E_alpha/E_c
                (MW/cm^3)      (MW/cm^3)      (MW/cm^3)                                    
 0.000000E+00   0.000000E+00   0.000000E+00   0.000000E+00   3.567517E-01   6.432483E-01   4.090951E+00
 5.788836E-02   0.000000E+00   0.000000E+00   0.000000E+00   3.459674E-01   6.540326E-01   4.272744E+00
 1.324141E-01   0.000000E+00   0.000000E+00   0.000000E+00   3.194393E-01   6.805607E-01   4.773917E+00
 2.189523E-01   0.000000E+00   0.000000E+00   0.000000E+00   2.868710E-01   7.131290E-01   5.520112E+00
 3.118732E-01   0.000000E+00   0.000000E+00   0.000000E+00   2.521249E-01   7.478751E-01   6.535561E+00
 4.025627E-01   0.000000E+00   0.000000E+00   0.000000E+00   2.217711E-01   7.782289E-01   7.691220E+00
 4.905230E-01   0.000000E+00   0.000000E+00   0.000000E+00   1.951576E-01   8.048424E-01   9.009320E+00
 5.753155E-01   0.000000E+00   0.000000E+00   0.000000E+00   1.720895E-01   8.279105E-01   1.049151E+01
 6.563117E-01   0.000000E+00   0.000000E+00   0.000000E+00   1.511946E-01   8.488054E-01   1.223573E+01
 7.333101E-01   0.000000E+00   0.000000E+00   0.000000E+00   1.320691E-01   8.679309E-01   1.432957E+01
 8.057999E-01   0.000000E+00   0.000000E+00   0.000000E+00   1.142757E-01   8.857243E-01   1.692383E+01
 8.732010E-01   0.000000E+00   0.000000E+00   0.000000E+00   9.772896E-02   9.022710E-01   2.020582E+01
 9.346697E-01   0.000000E+00   0.000000E+00   0.000000E+00   7.904314E-02   9.209569E-01   2.560523E+01
 r/a            s_alpha        s_alpha_i      s_alpha_e      frac_ai        frac_ae        E_alpha/E_c
                (MW/cm^3)      (MW/cm^3)      (MW/cm^3)                                    
 0.000000E+00   0.000000E+00   0.000000E+00   0.000000E+00   3.553117E-01   6.446883E-01   4.114565E+00
 5.788836E-02   0.000000E+00   0.000000E+00   0.000000E+00   3.437571E-01   6.562429E-01   4.311457E+00
 1.324141E-01   0.000000E+00   0.000000E+00   0.000000E+00   3.173851E-01   6.826149E-01   4.816331E+00
 2.189523E-01   0.000000E+00   0.000000E+00   0.000000E+00   2.864038E-01   7.135962E-01   5.532088E+00
 3.118732E-01   0.000000E+00   0.000000E+00   0.000000E+00   2.520483E-01   7.479517E-01   6.538117E+00
 4.025627E-01   0.000000E+00   0.000000E+00   0.000000E+00   2.217367E-01   7.782633E-01   7.692716E+00
 4.905230E-01   0.000000E+00   0.000000E+00   0.000000E+00   1.951641E-01   8.048359E-01   9.008953E+00
 5.753155E-01   0.000000E+00   0.000000E+00   0.000000E+00   1.721449E-01   8.278551E-01   1.048746E+01
 6.563117E-01   0.000000E+00   0.000000E+00   0.000000E+00   1.513263E-01   8.486737E-01   1.222320E+01
 7.333101E-01   0.000000E+00   0.000000E+00   0.000000E+00   1.321937E-01   8.678063E-01   1.431393E+01
 8.057999E-01   0.000000E+00   0.000000E+00   0.000000E+00   1.142982E-01   8.857018E-01   1.692004E+01
 8.732010E-01   0.000000E+00   0.000000E+00   0.000000E+00   9.772181E-02   9.022782E-01   2.020748E+01
 9.346697E-01   0.000000E+00   0.000000E+00   0.000000E+00   7.904314E-02   9.209569E-01   2.560523E+01
 r/a            s_alpha        s_alpha_i      s_alpha_e      frac_ai        frac_ae        E_alpha/E_c
                (MW/cm^3)      (MW/cm^3)      (MW/cm^3)                                    
 0.000000E+00   0.000000E+00   0.000000E+00   0.000000E+00   3.570422E-01   6.429578E-01   4.086210E+00
 5.788836E-02   0.000000E+00   0.000000E+00   0.000000E+00   3.453377E-01   6.546623E-01   4.283720E+00
 1.324141E-01   0.000000E+00   0.000000E+00   0.000000E+00   3.186855E-01   6.813145E-01   4.789416E+00
 2.189523E-01   0.000000E+00   0.000000E+00   0.000000E+00   2.870428E-01   7.129572E-01   5.515717E+00
 3.118732E-01   0.000000E+00   0.000000E+00   0.000000E+00   2.521414E-01   7.478586E-01   6.535010E+00
 4.025627E-01   0.000000E+00   0.000000E+00   0.000000E+00   2.218238E-01   7.781762E-01   7.688931E+00
 4.905230E-01   0.000000E+00   0.000000E+00   0.000000E+00   1.952376E-01   8.047624E-01   9.004808E+00
 5.753155E-01   0.000000E+00   0.000000E+00   0.000000E+00   1.721921E-01   8.278079E-01   1.048402E+01
 6.563117E-01   0.000000E+00   0.000000E+00   0.000000E+00   1.513252E-01   8.486748E-01   1.222330E+01
 7.333101E-01   0.000000E+00   0.000000E+00   0.000000E+00   1.321603E-01   8.678397E-01   1.431812E+01
 8.057999E-01   0.000000E+00   0.000000E+00   0.000000E+00   1.142830E-01   8.857170E-01   1.692260E+01
 8.732010E-01   0.000000E+00   0.000000E+00   0.000000E+00   9.772415E-02   9.022758E-01   2.020694E+01
 9.346697E-01   0.000000E+00   0.000000E+00   0.000000E+00   7.904314E-02   9.209569E-01   2.560523E+01
 r/a            s_alpha        s_alpha_i      s_alpha_e      frac_ai        frac_ae        E_alpha/E_c
                (MW/cm^3)      (MW/cm^3)      (MW/cm^3)                                    
 0.000000E+00   0.000000E+00   0.000000E+00   0.000000E+00   3.573333E-01   6.426667E-01   4.081469E+00
 5.788836E-02   0.000000E+00   0.000000E+00   0.000000E+00   3.451816E-01   6.548184E-01   4.286448E+00
 1.324141E-01   0.000000E+00   0.000000E+00   0.000000E+00   3.185403E-01   6.814597E-01   4.792410E+00
 2.189523E-01   0.000000E+00   0.000000E+00   0.000000E+00   2.872818E-01   7.127182E-01   5.509614E+00
 3.118732E-01   0.000000E+00   0.000000E+00   0.000000E+00   2.521522E-01   7.478478E-01   6.534651E+00
 4.025627E-01   0.000000E+00   0.000000E+00   0.000000E+00   2.218260E-01   7.781740E-01   7.688838E+00
 4.905230E-01   0.000000E+00   0.000000E+00   0.000000E+00   1.952334E-01   8.047666E-01   9.005043E+00
 5.753155E-01   0.000000E+00   0.000000E+00   0.000000E+00   1.721951E-01   8.278049E-01   1.048380E+01
 6.563117E-01   0.000000E+00   0.000000E+00   0.000000E+00   1.513519E-01   8.486481E-01   1.222076E+01
 7.333101E-01   0.000000E+00   0.000000E+00   0.000000E+00   1.321923E-01   8.678077E-01   1.431410E+01
 8.057999E-01   0.000000E+00   0.000000E+00   0.000000E+00   1.142926E-01   8.857074E-01   1.692099E+01
 8.732010E-01   0.000000E+00   0.000000E+00   0.000000E+00   9.772239E-02   9.022776E-01   2.020735E+01
 9.346697E-01   0.000000E+00   0.000000E+00   0.000000E+00   7.904314E-02   9.209569E-01   2.560523E+01
 r/a            s_alpha        s_alpha_i      s_alpha_e      frac_ai        frac_ae        E_alpha/E_c
                (MW/cm^3)      (MW/cm^3)      (MW/cm^3)                                    
 0.000000E+00   0.000000E+00   0.000000E+00   0.000000E+00   3.567310E-01   6.432690E-01   4.091289E+00
 5.788836E-02   0.000000E+00   0.000000E+00   0.000000E+00   3.453470E-01   6.546530E-01   4.283558E+00
 1.324141E-01   0.000000E+00   0.000000E+00   0.000000E+00   3.198485E-01   6.801515E-01   4.765536E+00
 2.189523E-01   0.000000E+00   0.000000E+00   0.000000E+00   2.880431E-01   7.119569E-01   5.490243E+00
 3.118732E-01   0.000000E+00   0.000000E+00   0.000000E+00   2.521599E-01   7.478401E-01   6.534391E+00
 4.025627E-01   0.000000E+00   0.000000E+00   0.000000E+00   2.218361E-01   7.781639E-01   7.688397E+00
 4.905230E-01   0.000000E+00   0.000000E+00   0.000000E+00   1.952481E-01   8.047519E-01   9.004213E+00
 5.753155E-01   0.000000E+00   0.000000E+00   0.000000E+00   1.722048E-01   8.277952E-01   1.048309E+01
 6.563117E-01   0.000000E+00   0.000000E+00   0.000000E+00   1.513586E-01   8.486414E-01   1.222012E+01
 7.333101E-01   0.000000E+00   0.000000E+00   0.000000E+00   1.321981E-01   8.678019E-01   1.431338E+01
 8.057999E-01   0.000000E+00   0.000000E+00   0.000000E+00   1.142924E-01   8.857076E-01   1.692101E+01
 8.732010E-01   0.000000E+00   0.000000E+00   0.000000E+00   9.772082E-02   9.022792E-01   2.020771E+01
 9.346697E-01   0.000000E+00   0.000000E+00   0.000000E+00   7.904314E-02   9.209569E-01   2.560523E+01
 r/a            s_alpha        s_alpha_i      s_alpha_e      frac_ai        frac_ae        E_alpha/E_c
                (MW/cm^3)      (MW/cm^3)      (MW/cm^3)                                    
 0.000000E+00   0.000000E+00   0.000000E+00   0.000000E+00   3.567466E-01   6.432534E-01   4.091035E+00
 5.788836E-02   0.000000E+00   0.000000E+00   0.000000E+00   3.453294E-01   6.546706E-01   4.283866E+00
 1.324141E-01   0.000000E+00   0.000000E+00   0.000000E+00   3.199521E-01   6.800479E-01   4.763417E+00
 2.189523E-01   0.000000E+00   0.000000E+00   0.000000E+00   2.881810E-01   7.118190E-01   5.486746E+00
 3.118732E-01   0.000000E+00   0.000000E+00   0.000000E+00   2.521567E-01   7.478433E-01   6.534499E+00
 4.025627E-01   0.000000E+00   0.000000E+00   0.000000E+00   2.218328E-01   7.781672E-01   7.688542E+00
 4.905230E-01   0.000000E+00   0.000000E+00   0.000000E+00   1.952454E-01   8.047546E-01   9.004364E+00
 5.753155E-01   0.000000E+00   0.000000E+00   0.000000E+00   1.722054E-01   8.277946E-01   1.048304E+01
 6.563117E-01   0.000000E+00   0.000000E+00   0.000000E+00   1.513629E-01   8.486371E-01   1.221972E+01
 7.333101E-01   0.000000E+00   0.000000E+00   0.000000E+00   1.322012E-01   8.677988E-01   1.431298E+01
 8.057999E-01   0.000000E+00   0.000000E+00   0.000000E+00   1.142926E-01   8.857074E-01   1.692098E+01
 8.732010E-01   0.000000E+00   0.000000E+00   0.000000E+00   9.772027E-02   9.022797E-01   2.020784E+01
 9.346697E-01   0.000000E+00   0.000000E+00   0.000000E+00   7.904314E-02   9.209569E-01   2.560523E+01
 r/a            s_alpha        s_alpha_i      s_alpha_e      frac_ai        frac_ae        E_alpha/E_c
                (MW/cm^3)      (MW/cm^3)      (MW/cm^3)                                    
 0.000000E+00   0.000000E+00   0.000000E+00   0.000000E+00   3.567466E-01   6.432534E-01   4.091035E+00
 5.788836E-02   0.000000E+00   0.000000E+00   0.000000E+00   3.453294E-01   6.546706E-01   4.283866E+00
 1.324141E-01   0.000000E+00   0.000000E+00   0.000000E+00   3.199521E-01   6.800479E-01   4.763417E+00
 2.189523E-01   0.000000E+00   0.000000E+00   0.000000E+00   2.881810E-01   7.118190E-01   5.486746E+00
 3.118732E-01   0.000000E+00   0.000000E+00   0.000000E+00   2.521567E-01   7.478433E-01   6.534499E+00
 4.025627E-01   0.000000E+00   0.000000E+00   0.000000E+00   2.218328E-01   7.781672E-01   7.688542E+00
 4.905230E-01   0.000000E+00   0.000000E+00   0.000000E+00   1.952454E-01   8.047546E-01   9.004364E+00
 5.753155E-01   0.000000E+00   0.000000E+00   0.000000E+00   1.722054E-01   8.277946E-01   1.048304E+01
 6.563117E-01   0.000000E+00   0.000000E+00   0.000000E+00   1.513629E-01   8.486371E-01   1.221972E+01
 7.333101E-01   0.000000E+00   0.000000E+00   0.000000E+00   1.322012E-01   8.677988E-01   1.431298E+01
 8.057999E-01   0.000000E+00   0.000000E+00   0.000000E+00   1.142926E-01   8.857074E-01   1.692098E+01
 8.732010E-01   0.000000E+00   0.000000E+00   0.000000E+00   9.772027E-02   9.022797E-01   2.020784E+01
 9.346697E-01   0.000000E+00   0.000000E+00   0.000000E+00   7.904314E-02   9.209569E-01   2.560523E+01
 r/a            s_alpha        s_alpha_i      s_alpha_e      frac_ai        frac_ae        E_alpha/E_c
                (MW/cm^3)      (MW/cm^3)      (MW/cm^3)                                    
 0.000000E+00   0.000000E+00   0.000000E+00   0.000000E+00   3.567515E-01   6.432485E-01   4.090955E+00
 5.788836E-02   0.000000E+00   0.000000E+00   0.000000E+00   3.453311E-01   6.546689E-01   4.283836E+00
 1.324141E-01   0.000000E+00   0.000000E+00   0.000000E+00   3.199460E-01   6.800540E-01   4.763542E+00
 2.189523E-01   0.000000E+00   0.000000E+00   0.000000E+00   2.881754E-01   7.118246E-01   5.486886E+00
 3.118732E-01   0.000000E+00   0.000000E+00   0.000000E+00   2.521560E-01   7.478440E-01   6.534524E+00
 4.025627E-01   0.000000E+00   0.000000E+00   0.000000E+00   2.218321E-01   7.781679E-01   7.688573E+00
 4.905230E-01   0.000000E+00   0.000000E+00   0.000000E+00   1.952447E-01   8.047553E-01   9.004405E+00
 5.753155E-01   0.000000E+00   0.000000E+00   0.000000E+00   1.722047E-01   8.277953E-01   1.048310E+01
 6.563117E-01   0.000000E+00   0.000000E+00   0.000000E+00   1.513621E-01   8.486379E-01   1.221979E+01
 7.333101E-01   0.000000E+00   0.000000E+00   0.000000E+00   1.322011E-01   8.677989E-01   1.431300E+01
 8.057999E-01   0.000000E+00   0.000000E+00   0.000000E+00   1.142928E-01   8.857072E-01   1.692094E+01
 8.732010E-01   0.000000E+00   0.000000E+00   0.000000E+00   9.772032E-02   9.022797E-01   2.020783E+01
 9.346697E-01   0.000000E+00   0.000000E+00   0.000000E+00   7.904314E-02   9.209569E-01   2.560523E+01
 r/a            s_alpha        s_alpha_i      s_alpha_e      frac_ai        frac_ae        E_alpha/E_c
                (MW/cm^3)      (MW/cm^3)      (MW/cm^3)                                    
 0.000000E+00   0.000000E+00   0.000000E+00   0.000000E+00   3.567515E-01   6.432485E-01   4.090955E+00
 5.788836E-02   0.000000E+00   0.000000E+00   0.000000E+00   3.453311E-01   6.546689E-01   4.283836E+00
 1.324141E-01   0.000000E+00   0.000000E+00   0.000000E+00   3.199460E-01   6.800540E-01   4.763542E+00
 2.189523E-01   0.000000E+00   0.000000E+00   0.000000E+00   2.881754E-01   7.118246E-01   5.486886E+00
 3.118732E-01   0.000000E+00   0.000000E+00   0.000000E+00   2.521560E-01   7.478440E-01   6.534524E+00
 4.025627E-01   0.000000E+00   0.000000E+00   0.000000E+00   2.218321E-01   7.781679E-01   7.688573E+00
 4.905230E-01   0.000000E+00   0.000000E+00   0.000000E+00   1.952447E-01   8.047553E-01   9.004405E+00
 5.753155E-01   0.000000E+00   0.000000E+00   0.000000E+00   1.722047E-01   8.277953E-01   1.048310E+01
 6.563117E-01   0.000000E+00   0.000000E+00   0.000000E+00   1.513621E-01   8.486379E-01   1.221979E+01
 7.333101E-01   0.000000E+00   0.000000E+00   0.000000E+00   1.322011E-01   8.677989E-01   1.431300E+01
 8.057999E-01   0.000000E+00   0.000000E+00   0.000000E+00   1.142928E-01   8.857072E-01   1.692094E+01
 8.732010E-01   0.000000E+00   0.000000E+00   0.000000E+00   9.772032E-02   9.022797E-01   2.020783E+01
 9.346697E-01   0.000000E+00   0.000000E+00   0.000000E+00   7.904314E-02   9.209569E-01   2.560523E+01
 r/a            s_alpha        s_alpha_i      s_alpha_e      frac_ai        frac_ae        E_alpha/E_c
                (MW/cm^3)      (MW/cm^3)      (MW/cm^3)                                    
 0.000000E+00   0.000000E+00   0.000000E+00   0.000000E+00   3.567515E-01   6.432485E-01   4.090955E+00
 5.788836E-02   0.000000E+00   0.000000E+00   0.000000E+00   3.453311E-01   6.546689E-01   4.283836E+00
 1.324141E-01   0.000000E+00   0.000000E+00   0.000000E+00   3.199460E-01   6.800540E-01   4.763542E+00
 2.189523E-01   0.000000E+00   0.000000E+00   0.000000E+00   2.881754E-01   7.118246E-01   5.486886E+00
 3.118732E-01   0.000000E+00   0.000000E+00   0.000000E+00   2.521560E-01   7.478440E-01   6.534524E+00
 4.025627E-01   0.000000E+00   0.000000E+00   0.000000E+00   2.218321E-01   7.781679E-01   7.688573E+00
 4.905230E-01   0.000000E+00   0.000000E+00   0.000000E+00   1.952447E-01   8.047553E-01   9.004405E+00
 5.753155E-01   0.000000E+00   0.000000E+00   0.000000E+00   1.722047E-01   8.277953E-01   1.048310E+01
 6.563117E-01   0.000000E+00   0.000000E+00   0.000000E+00   1.513621E-01   8.486379E-01   1.221979E+01
 7.333101E-01   0.000000E+00   0.000000E+00   0.000000E+00   1.322011E-01   8.677989E-01   1.431300E+01
 8.057999E-01   0.000000E+00   0.000000E+00   0.000000E+00   1.142928E-01   8.857072E-01   1.692094E+01
 8.732010E-01   0.000000E+00   0.000000E+00   0.000000E+00   9.772032E-02   9.022797E-01   2.020783E+01
 9.346697E-01   0.000000E+00   0.000000E+00   0.000000E+00   7.904314E-02   9.209569E-01   2.560523E+01
 r/a            s_alpha        s_alpha_i      s_alpha_e      frac_ai        frac_ae        E_alpha/E_c
                (MW/cm^3)      (MW/cm^3)      (MW/cm^3)                                    
 0.000000E+00   0.000000E+00   0.000000E+00   0.000000E+00   3.567515E-01   6.432485E-01   4.090955E+00
 5.788836E-02   0.000000E+00   0.000000E+00   0.000000E+00   3.453311E-01   6.546689E-01   4.283836E+00
 1.324141E-01   0.000000E+00   0.000000E+00   0.000000E+00   3.199460E-01   6.800540E-01   4.763542E+00
 2.189523E-01   0.000000E+00   0.000000E+00   0.000000E+00   2.881754E-01   7.118246E-01   5.486886E+00
 3.118732E-01   0.000000E+00   0.000000E+00   0.000000E+00   2.521560E-01   7.478440E-01   6.534524E+00
 4.025627E-01   0.000000E+00   0.000000E+00   0.000000E+00   2.218321E-01   7.781679E-01   7.688573E+00
 4.905230E-01   0.000000E+00   0.000000E+00   0.000000E+00   1.952447E-01   8.047553E-01   9.004405E+00
 5.753155E-01   0.000000E+00   0.000000E+00   0.000000E+00   1.722047E-01   8.277953E-01   1.048310E+01
 6.563117E-01   0.000000E+00   0.000000E+00   0.000000E+00   1.513621E-01   8.486379E-01   1.221979E+01
 7.333101E-01   0.000000E+00   0.000000E+00   0.000000E+00   1.322011E-01   8.677989E-01   1.431300E+01
 8.057999E-01   0.000000E+00   0.000000E+00   0.000000E+00   1.142928E-01   8.857072E-01   1.692094E+01
 8.732010E-01   0.000000E+00   0.000000E+00   0.000000E+00   9.772032E-02   9.022797E-01   2.020783E+01
 9.346697E-01   0.000000E+00   0.000000E+00   0.000000E+00   7.904314E-02   9.209569E-01   2.560523E+01
 r/a            s_alpha        s_alpha_i      s_alpha_e      frac_ai        frac_ae        E_alpha/E_c
                (MW/cm^3)      (MW/cm^3)      (MW/cm^3)                                    
 0.000000E+00   0.000000E+00   0.000000E+00   0.000000E+00   3.567515E-01   6.432485E-01   4.090955E+00
 5.788836E-02   0.000000E+00   0.000000E+00   0.000000E+00   3.453311E-01   6.546689E-01   4.283836E+00
 1.324141E-01   0.000000E+00   0.000000E+00   0.000000E+00   3.199460E-01   6.800540E-01   4.763542E+00
 2.189523E-01   0.000000E+00   0.000000E+00   0.000000E+00   2.881754E-01   7.118246E-01   5.486886E+00
 3.118732E-01   0.000000E+00   0.000000E+00   0.000000E+00   2.521560E-01   7.478440E-01   6.534524E+00
 4.025627E-01   0.000000E+00   0.000000E+00   0.000000E+00   2.218321E-01   7.781679E-01   7.688573E+00
 4.905230E-01   0.000000E+00   0.000000E+00   0.000000E+00   1.952447E-01   8.047553E-01   9.004405E+00
 5.753155E-01   0.000000E+00   0.000000E+00   0.000000E+00   1.722047E-01   8.277953E-01   1.048310E+01
 6.563117E-01   0.000000E+00   0.000000E+00   0.000000E+00   1.513621E-01   8.486379E-01   1.221979E+01
 7.333101E-01   0.000000E+00   0.000000E+00   0.000000E+00   1.322011E-01   8.677989E-01   1.431300E+01
 8.057999E-01   0.000000E+00   0.000000E+00   0.000000E+00   1.142928E-01   8.857072E-01   1.692094E+01
 8.732010E-01   0.000000E+00   0.000000E+00   0.000000E+00   9.772032E-02   9.022797E-01   2.020783E+01
 9.346697E-01   0.000000E+00   0.000000E+00   0.000000E+00   7.904314E-02   9.209569E-01   2.560523E+01
