 r/a            s_alpha        s_alpha_i      s_alpha_e      frac_ai        frac_ae        E_alpha/E_c
                (MW/cm^3)      (MW/cm^3)      (MW/cm^3)                                    
 0.000000E+00   0.000000E+00   0.000000E+00   0.000000E+00   2.722122E-01   7.277878E-01   5.916024E+00
 5.814107E-02   0.000000E+00   0.000000E+00   0.000000E+00   2.701321E-01   7.298679E-01   5.975788E+00
 1.270131E-01   0.000000E+00   0.000000E+00   0.000000E+00   2.668768E-01   7.331232E-01   6.071234E+00
 2.123516E-01   0.000000E+00   0.000000E+00   0.000000E+00   2.575381E-01   7.424619E-01   6.358825E+00
 3.045987E-01   0.000000E+00   0.000000E+00   0.000000E+00   2.336335E-01   7.663665E-01   7.202856E+00
 3.953207E-01   0.000000E+00   0.000000E+00   0.000000E+00   2.075403E-01   7.924597E-01   8.352862E+00
 4.836490E-01   0.000000E+00   0.000000E+00   0.000000E+00   1.848773E-01   8.151227E-01   9.622995E+00
 5.690520E-01   0.000000E+00   0.000000E+00   0.000000E+00   1.639120E-01   8.360880E-01   1.111986E+01
 6.507305E-01   0.000000E+00   0.000000E+00   0.000000E+00   1.447181E-01   8.552819E-01   1.288134E+01
 7.284535E-01   0.000000E+00   0.000000E+00   0.000000E+00   1.266484E-01   8.733516E-01   1.504098E+01
 8.017135E-01   0.000000E+00   0.000000E+00   0.000000E+00   1.098141E-01   8.901859E-01   1.770934E+01
 8.699052E-01   0.000000E+00   0.000000E+00   0.000000E+00   9.316471E-02   9.068353E-01   2.132096E+01
 9.321433E-01   0.000000E+00   0.000000E+00   0.000000E+00   7.902615E-02   9.209739E-01   2.561132E+01
 r/a            s_alpha        s_alpha_i      s_alpha_e      frac_ai        frac_ae        E_alpha/E_c
                (MW/cm^3)      (MW/cm^3)      (MW/cm^3)                                    
 0.000000E+00   0.000000E+00   0.000000E+00   0.000000E+00   2.699515E-01   7.300485E-01   5.981021E+00
 5.814107E-02   0.000000E+00   0.000000E+00   0.000000E+00   2.681401E-01   7.318599E-01   6.033910E+00
 1.270131E-01   0.000000E+00   0.000000E+00   0.000000E+00   2.655057E-01   7.344943E-01   6.112155E+00
 2.123516E-01   0.000000E+00   0.000000E+00   0.000000E+00   2.566436E-01   7.433564E-01   6.387503E+00
 3.045987E-01   0.000000E+00   0.000000E+00   0.000000E+00   2.329633E-01   7.670367E-01   7.229085E+00
 3.953207E-01   0.000000E+00   0.000000E+00   0.000000E+00   2.070618E-01   7.929382E-01   8.376732E+00
 4.836490E-01   0.000000E+00   0.000000E+00   0.000000E+00   1.845478E-01   8.154522E-01   9.643820E+00
 5.690520E-01   0.000000E+00   0.000000E+00   0.000000E+00   1.636931E-01   8.363069E-01   1.113757E+01
 6.507305E-01   0.000000E+00   0.000000E+00   0.000000E+00   1.445668E-01   8.554332E-01   1.289714E+01
 7.284535E-01   0.000000E+00   0.000000E+00   0.000000E+00   1.265244E-01   8.734756E-01   1.505798E+01
 8.017135E-01   0.000000E+00   0.000000E+00   0.000000E+00   1.097038E-01   8.902962E-01   1.772960E+01
 8.699052E-01   0.000000E+00   0.000000E+00   0.000000E+00   9.306861E-02   9.069314E-01   2.134564E+01
 9.321433E-01   0.000000E+00   0.000000E+00   0.000000E+00   7.902615E-02   9.209739E-01   2.561132E+01
 r/a            s_alpha        s_alpha_i      s_alpha_e      frac_ai        frac_ae        E_alpha/E_c
                (MW/cm^3)      (MW/cm^3)      (MW/cm^3)                                    
 0.000000E+00   0.000000E+00   0.000000E+00   0.000000E+00   2.766405E-01   7.233595E-01   5.791873E+00
 5.814107E-02   0.000000E+00   0.000000E+00   0.000000E+00   2.729314E-01   7.270686E-01   5.895580E+00
 1.270131E-01   0.000000E+00   0.000000E+00   0.000000E+00   2.680537E-01   7.319463E-01   6.036451E+00
 2.123516E-01   0.000000E+00   0.000000E+00   0.000000E+00   2.591021E-01   7.408979E-01   6.309177E+00
 3.045987E-01   0.000000E+00   0.000000E+00   0.000000E+00   2.352161E-01   7.647839E-01   7.141523E+00
 3.953207E-01   0.000000E+00   0.000000E+00   0.000000E+00   2.090890E-01   7.909110E-01   8.276370E+00
 4.836490E-01   0.000000E+00   0.000000E+00   0.000000E+00   1.864230E-01   8.135770E-01   9.526288E+00
 5.690520E-01   0.000000E+00   0.000000E+00   0.000000E+00   1.654016E-01   8.345984E-01   1.100066E+01
 6.507305E-01   0.000000E+00   0.000000E+00   0.000000E+00   1.460978E-01   8.539022E-01   1.273889E+01
 7.284535E-01   0.000000E+00   0.000000E+00   0.000000E+00   1.278704E-01   8.721296E-01   1.487521E+01
 8.017135E-01   0.000000E+00   0.000000E+00   0.000000E+00   1.108659E-01   8.891341E-01   1.751836E+01
 8.699052E-01   0.000000E+00   0.000000E+00   0.000000E+00   9.420047E-02   9.057995E-01   2.105823E+01
 9.321433E-01   0.000000E+00   0.000000E+00   0.000000E+00   7.902615E-02   9.209739E-01   2.561132E+01
 r/a            s_alpha        s_alpha_i      s_alpha_e      frac_ai        frac_ae        E_alpha/E_c
                (MW/cm^3)      (MW/cm^3)      (MW/cm^3)                                    
 0.000000E+00   0.000000E+00   0.000000E+00   0.000000E+00   2.871283E-01   7.128717E-01   5.513532E+00
 5.814107E-02   0.000000E+00   0.000000E+00   0.000000E+00   2.820013E-01   7.179987E-01   5.646942E+00
 1.270131E-01   0.000000E+00   0.000000E+00   0.000000E+00   2.743695E-01   7.256305E-01   5.855028E+00
 2.123516E-01   0.000000E+00   0.000000E+00   0.000000E+00   2.633955E-01   7.366045E-01   6.175994E+00
 3.045987E-01   0.000000E+00   0.000000E+00   0.000000E+00   2.386811E-01   7.613189E-01   7.010159E+00
 3.953207E-01   0.000000E+00   0.000000E+00   0.000000E+00   2.121401E-01   7.878599E-01   8.129028E+00
 4.836490E-01   0.000000E+00   0.000000E+00   0.000000E+00   1.889547E-01   8.110453E-01   9.371395E+00
 5.690520E-01   0.000000E+00   0.000000E+00   0.000000E+00   1.675530E-01   8.324470E-01   1.083233E+01
 6.507305E-01   0.000000E+00   0.000000E+00   0.000000E+00   1.479569E-01   8.520431E-01   1.255124E+01
 7.284535E-01   0.000000E+00   0.000000E+00   0.000000E+00   1.294872E-01   8.705128E-01   1.466082E+01
 8.017135E-01   0.000000E+00   0.000000E+00   0.000000E+00   1.122210E-01   8.877790E-01   1.727766E+01
 8.699052E-01   0.000000E+00   0.000000E+00   0.000000E+00   9.544804E-02   9.045520E-01   2.074949E+01
 9.321433E-01   0.000000E+00   0.000000E+00   0.000000E+00   7.902615E-02   9.209739E-01   2.561132E+01
 r/a            s_alpha        s_alpha_i      s_alpha_e      frac_ai        frac_ae        E_alpha/E_c
                (MW/cm^3)      (MW/cm^3)      (MW/cm^3)                                    
 0.000000E+00   0.000000E+00   0.000000E+00   0.000000E+00   2.980653E-01   7.019347E-01   5.244703E+00
 5.814107E-02   0.000000E+00   0.000000E+00   0.000000E+00   2.921155E-01   7.078845E-01   5.388381E+00
 1.270131E-01   0.000000E+00   0.000000E+00   0.000000E+00   2.798027E-01   7.201973E-01   5.705691E+00
 2.123516E-01   0.000000E+00   0.000000E+00   0.000000E+00   2.658796E-01   7.341204E-01   6.100955E+00
 3.045987E-01   0.000000E+00   0.000000E+00   0.000000E+00   2.424443E-01   7.575557E-01   6.871858E+00
 3.953207E-01   0.000000E+00   0.000000E+00   0.000000E+00   2.149420E-01   7.850580E-01   7.997506E+00
 4.836490E-01   0.000000E+00   0.000000E+00   0.000000E+00   1.908266E-01   8.091734E-01   9.259583E+00
 5.690520E-01   0.000000E+00   0.000000E+00   0.000000E+00   1.689538E-01   8.310462E-01   1.072509E+01
 6.507305E-01   0.000000E+00   0.000000E+00   0.000000E+00   1.490764E-01   8.509236E-01   1.244057E+01
 7.284535E-01   0.000000E+00   0.000000E+00   0.000000E+00   1.304063E-01   8.695937E-01   1.454137E+01
 8.017135E-01   0.000000E+00   0.000000E+00   0.000000E+00   1.129324E-01   8.870676E-01   1.715366E+01
 8.699052E-01   0.000000E+00   0.000000E+00   0.000000E+00   9.606728E-02   9.039327E-01   2.059928E+01
 9.321433E-01   0.000000E+00   0.000000E+00   0.000000E+00   7.902615E-02   9.209739E-01   2.561132E+01
 r/a            s_alpha        s_alpha_i      s_alpha_e      frac_ai        frac_ae        E_alpha/E_c
                (MW/cm^3)      (MW/cm^3)      (MW/cm^3)                                    
 0.000000E+00   0.000000E+00   0.000000E+00   0.000000E+00   3.143983E-01   6.856017E-01   4.879017E+00
 5.814107E-02   0.000000E+00   0.000000E+00   0.000000E+00   3.078904E-01   6.921096E-01   5.019940E+00
 1.270131E-01   0.000000E+00   0.000000E+00   0.000000E+00   2.918177E-01   7.081823E-01   5.395730E+00
 2.123516E-01   0.000000E+00   0.000000E+00   0.000000E+00   2.720215E-01   7.279785E-01   5.921463E+00
 3.045987E-01   0.000000E+00   0.000000E+00   0.000000E+00   2.469631E-01   7.530369E-01   6.711507E+00
 3.953207E-01   0.000000E+00   0.000000E+00   0.000000E+00   2.192004E-01   7.807996E-01   7.804213E+00
 4.836490E-01   0.000000E+00   0.000000E+00   0.000000E+00   1.938068E-01   8.061932E-01   9.086146E+00
 5.690520E-01   0.000000E+00   0.000000E+00   0.000000E+00   1.711488E-01   8.288512E-01   1.056066E+01
 6.507305E-01   0.000000E+00   0.000000E+00   0.000000E+00   1.508396E-01   8.491604E-01   1.226965E+01
 7.284535E-01   0.000000E+00   0.000000E+00   0.000000E+00   1.319071E-01   8.680929E-01   1.434997E+01
 8.017135E-01   0.000000E+00   0.000000E+00   0.000000E+00   1.141351E-01   8.858649E-01   1.694763E+01
 8.699052E-01   0.000000E+00   0.000000E+00   0.000000E+00   9.723449E-02   9.027655E-01   2.032147E+01
 9.321433E-01   0.000000E+00   0.000000E+00   0.000000E+00   7.902615E-02   9.209739E-01   2.561132E+01
 r/a            s_alpha        s_alpha_i      s_alpha_e      frac_ai        frac_ae        E_alpha/E_c
                (MW/cm^3)      (MW/cm^3)      (MW/cm^3)                                    
 0.000000E+00   0.000000E+00   0.000000E+00   0.000000E+00   3.276758E-01   6.723242E-01   4.609359E+00
 5.814107E-02   0.000000E+00   0.000000E+00   0.000000E+00   3.198564E-01   6.801436E-01   4.765376E+00
 1.270131E-01   0.000000E+00   0.000000E+00   0.000000E+00   3.023564E-01   6.976436E-01   5.144691E+00
 2.123516E-01   0.000000E+00   0.000000E+00   0.000000E+00   2.782158E-01   7.217842E-01   5.748689E+00
 3.045987E-01   0.000000E+00   0.000000E+00   0.000000E+00   2.488637E-01   7.511363E-01   6.645851E+00
 3.953207E-01   0.000000E+00   0.000000E+00   0.000000E+00   2.209283E-01   7.790717E-01   7.727966E+00
 4.836490E-01   0.000000E+00   0.000000E+00   0.000000E+00   1.949765E-01   8.050235E-01   9.019556E+00
 5.690520E-01   0.000000E+00   0.000000E+00   0.000000E+00   1.719741E-01   8.280259E-01   1.049995E+01
 6.507305E-01   0.000000E+00   0.000000E+00   0.000000E+00   1.514511E-01   8.485489E-01   1.221134E+01
 7.284535E-01   0.000000E+00   0.000000E+00   0.000000E+00   1.323317E-01   8.676683E-01   1.429663E+01
 8.017135E-01   0.000000E+00   0.000000E+00   0.000000E+00   1.143875E-01   8.856125E-01   1.690497E+01
 8.699052E-01   0.000000E+00   0.000000E+00   0.000000E+00   9.739852E-02   9.026015E-01   2.028297E+01
 9.321433E-01   0.000000E+00   0.000000E+00   0.000000E+00   7.902615E-02   9.209739E-01   2.561132E+01
 r/a            s_alpha        s_alpha_i      s_alpha_e      frac_ai        frac_ae        E_alpha/E_c
                (MW/cm^3)      (MW/cm^3)      (MW/cm^3)                                    
 0.000000E+00   0.000000E+00   0.000000E+00   0.000000E+00   3.429372E-01   6.570628E-01   4.325948E+00
 5.814107E-02   0.000000E+00   0.000000E+00   0.000000E+00   3.315528E-01   6.684472E-01   4.534812E+00
 1.270131E-01   0.000000E+00   0.000000E+00   0.000000E+00   3.086623E-01   6.913377E-01   5.002907E+00
 2.123516E-01   0.000000E+00   0.000000E+00   0.000000E+00   2.817467E-01   7.182533E-01   5.653696E+00
 3.045987E-01   0.000000E+00   0.000000E+00   0.000000E+00   2.511868E-01   7.488132E-01   6.566984E+00
 3.953207E-01   0.000000E+00   0.000000E+00   0.000000E+00   2.228006E-01   7.771994E-01   7.646719E+00
 4.836490E-01   0.000000E+00   0.000000E+00   0.000000E+00   1.961818E-01   8.038182E-01   8.951799E+00
 5.690520E-01   0.000000E+00   0.000000E+00   0.000000E+00   1.728129E-01   8.271871E-01   1.043886E+01
 6.507305E-01   0.000000E+00   0.000000E+00   0.000000E+00   1.521066E-01   8.478934E-01   1.214935E+01
 7.284535E-01   0.000000E+00   0.000000E+00   0.000000E+00   1.329301E-01   8.670699E-01   1.422204E+01
 8.017135E-01   0.000000E+00   0.000000E+00   0.000000E+00   1.149046E-01   8.850954E-01   1.681813E+01
 8.699052E-01   0.000000E+00   0.000000E+00   0.000000E+00   9.785271E-02   9.021473E-01   2.017706E+01
 9.321433E-01   0.000000E+00   0.000000E+00   0.000000E+00   7.902615E-02   9.209739E-01   2.561132E+01
 r/a            s_alpha        s_alpha_i      s_alpha_e      frac_ai        frac_ae        E_alpha/E_c
                (MW/cm^3)      (MW/cm^3)      (MW/cm^3)                                    
 0.000000E+00   0.000000E+00   0.000000E+00   0.000000E+00   3.512600E-01   6.487400E-01   4.182084E+00
 5.814107E-02   0.000000E+00   0.000000E+00   0.000000E+00   3.396824E-01   6.603176E-01   4.384190E+00
 1.270131E-01   0.000000E+00   0.000000E+00   0.000000E+00   3.153517E-01   6.846483E-01   4.858874E+00
 2.123516E-01   0.000000E+00   0.000000E+00   0.000000E+00   2.861228E-01   7.138772E-01   5.539310E+00
 3.045987E-01   0.000000E+00   0.000000E+00   0.000000E+00   2.530502E-01   7.469498E-01   6.504800E+00
 3.953207E-01   0.000000E+00   0.000000E+00   0.000000E+00   2.229996E-01   7.770004E-01   7.638166E+00
 4.836490E-01   0.000000E+00   0.000000E+00   0.000000E+00   1.960966E-01   8.039034E-01   8.956557E+00
 5.690520E-01   0.000000E+00   0.000000E+00   0.000000E+00   1.725836E-01   8.274164E-01   1.045550E+01
 6.507305E-01   0.000000E+00   0.000000E+00   0.000000E+00   1.518012E-01   8.481988E-01   1.217816E+01
 7.284535E-01   0.000000E+00   0.000000E+00   0.000000E+00   1.327233E-01   8.672767E-01   1.424774E+01
 8.017135E-01   0.000000E+00   0.000000E+00   0.000000E+00   1.147623E-01   8.852377E-01   1.684194E+01
 8.699052E-01   0.000000E+00   0.000000E+00   0.000000E+00   9.767659E-02   9.023234E-01   2.021801E+01
 9.321433E-01   0.000000E+00   0.000000E+00   0.000000E+00   7.902615E-02   9.209739E-01   2.561132E+01
 r/a            s_alpha        s_alpha_i      s_alpha_e      frac_ai        frac_ae        E_alpha/E_c
                (MW/cm^3)      (MW/cm^3)      (MW/cm^3)                                    
 0.000000E+00   0.000000E+00   0.000000E+00   0.000000E+00   3.525394E-01   6.474606E-01   4.160591E+00
 5.814107E-02   0.000000E+00   0.000000E+00   0.000000E+00   3.409625E-01   6.590375E-01   4.361147E+00
 1.270131E-01   0.000000E+00   0.000000E+00   0.000000E+00   3.164832E-01   6.835168E-01   4.835131E+00
 2.123516E-01   0.000000E+00   0.000000E+00   0.000000E+00   2.864060E-01   7.135940E-01   5.532032E+00
 3.045987E-01   0.000000E+00   0.000000E+00   0.000000E+00   2.529637E-01   7.470363E-01   6.507666E+00
 3.953207E-01   0.000000E+00   0.000000E+00   0.000000E+00   2.232310E-01   7.767690E-01   7.628239E+00
 4.836490E-01   0.000000E+00   0.000000E+00   0.000000E+00   1.962581E-01   8.037419E-01   8.947533E+00
 5.690520E-01   0.000000E+00   0.000000E+00   0.000000E+00   1.727141E-01   8.272859E-01   1.044602E+01
 6.507305E-01   0.000000E+00   0.000000E+00   0.000000E+00   1.520113E-01   8.479887E-01   1.215833E+01
 7.284535E-01   0.000000E+00   0.000000E+00   0.000000E+00   1.327790E-01   8.672210E-01   1.424082E+01
 8.017135E-01   0.000000E+00   0.000000E+00   0.000000E+00   1.146928E-01   8.853072E-01   1.685359E+01
 8.699052E-01   0.000000E+00   0.000000E+00   0.000000E+00   9.763762E-02   9.023624E-01   2.022709E+01
 9.321433E-01   0.000000E+00   0.000000E+00   0.000000E+00   7.902615E-02   9.209739E-01   2.561132E+01
 r/a            s_alpha        s_alpha_i      s_alpha_e      frac_ai        frac_ae        E_alpha/E_c
                (MW/cm^3)      (MW/cm^3)      (MW/cm^3)                                    
 0.000000E+00   0.000000E+00   0.000000E+00   0.000000E+00   3.525394E-01   6.474606E-01   4.160591E+00
 5.814107E-02   0.000000E+00   0.000000E+00   0.000000E+00   3.409625E-01   6.590375E-01   4.361147E+00
 1.270131E-01   0.000000E+00   0.000000E+00   0.000000E+00   3.164832E-01   6.835168E-01   4.835131E+00
 2.123516E-01   0.000000E+00   0.000000E+00   0.000000E+00   2.864060E-01   7.135940E-01   5.532032E+00
 3.045987E-01   0.000000E+00   0.000000E+00   0.000000E+00   2.529637E-01   7.470363E-01   6.507666E+00
 3.953207E-01   0.000000E+00   0.000000E+00   0.000000E+00   2.232310E-01   7.767690E-01   7.628239E+00
 4.836490E-01   0.000000E+00   0.000000E+00   0.000000E+00   1.962581E-01   8.037419E-01   8.947533E+00
 5.690520E-01   0.000000E+00   0.000000E+00   0.000000E+00   1.727141E-01   8.272859E-01   1.044602E+01
 6.507305E-01   0.000000E+00   0.000000E+00   0.000000E+00   1.520113E-01   8.479887E-01   1.215833E+01
 7.284535E-01   0.000000E+00   0.000000E+00   0.000000E+00   1.327790E-01   8.672210E-01   1.424082E+01
 8.017135E-01   0.000000E+00   0.000000E+00   0.000000E+00   1.146928E-01   8.853072E-01   1.685359E+01
 8.699052E-01   0.000000E+00   0.000000E+00   0.000000E+00   9.763762E-02   9.023624E-01   2.022709E+01
 9.321433E-01   0.000000E+00   0.000000E+00   0.000000E+00   7.902615E-02   9.209739E-01   2.561132E+01
 r/a            s_alpha        s_alpha_i      s_alpha_e      frac_ai        frac_ae        E_alpha/E_c
                (MW/cm^3)      (MW/cm^3)      (MW/cm^3)                                    
 0.000000E+00   0.000000E+00   0.000000E+00   0.000000E+00   3.525394E-01   6.474606E-01   4.160591E+00
 5.814107E-02   0.000000E+00   0.000000E+00   0.000000E+00   3.409625E-01   6.590375E-01   4.361147E+00
 1.270131E-01   0.000000E+00   0.000000E+00   0.000000E+00   3.164832E-01   6.835168E-01   4.835131E+00
 2.123516E-01   0.000000E+00   0.000000E+00   0.000000E+00   2.864060E-01   7.135940E-01   5.532032E+00
 3.045987E-01   0.000000E+00   0.000000E+00   0.000000E+00   2.529637E-01   7.470363E-01   6.507666E+00
 3.953207E-01   0.000000E+00   0.000000E+00   0.000000E+00   2.232310E-01   7.767690E-01   7.628239E+00
 4.836490E-01   0.000000E+00   0.000000E+00   0.000000E+00   1.962581E-01   8.037419E-01   8.947533E+00
 5.690520E-01   0.000000E+00   0.000000E+00   0.000000E+00   1.727141E-01   8.272859E-01   1.044602E+01
 6.507305E-01   0.000000E+00   0.000000E+00   0.000000E+00   1.520113E-01   8.479887E-01   1.215833E+01
 7.284535E-01   0.000000E+00   0.000000E+00   0.000000E+00   1.327790E-01   8.672210E-01   1.424082E+01
 8.017135E-01   0.000000E+00   0.000000E+00   0.000000E+00   1.146928E-01   8.853072E-01   1.685359E+01
 8.699052E-01   0.000000E+00   0.000000E+00   0.000000E+00   9.763762E-02   9.023624E-01   2.022709E+01
 9.321433E-01   0.000000E+00   0.000000E+00   0.000000E+00   7.902615E-02   9.209739E-01   2.561132E+01
 r/a            s_alpha        s_alpha_i      s_alpha_e      frac_ai        frac_ae        E_alpha/E_c
                (MW/cm^3)      (MW/cm^3)      (MW/cm^3)                                    
 0.000000E+00   0.000000E+00   0.000000E+00   0.000000E+00   3.525394E-01   6.474606E-01   4.160591E+00
 5.814107E-02   0.000000E+00   0.000000E+00   0.000000E+00   3.409625E-01   6.590375E-01   4.361147E+00
 1.270131E-01   0.000000E+00   0.000000E+00   0.000000E+00   3.164832E-01   6.835168E-01   4.835131E+00
 2.123516E-01   0.000000E+00   0.000000E+00   0.000000E+00   2.864060E-01   7.135940E-01   5.532032E+00
 3.045987E-01   0.000000E+00   0.000000E+00   0.000000E+00   2.529637E-01   7.470363E-01   6.507666E+00
 3.953207E-01   0.000000E+00   0.000000E+00   0.000000E+00   2.232310E-01   7.767690E-01   7.628239E+00
 4.836490E-01   0.000000E+00   0.000000E+00   0.000000E+00   1.962581E-01   8.037419E-01   8.947533E+00
 5.690520E-01   0.000000E+00   0.000000E+00   0.000000E+00   1.727141E-01   8.272859E-01   1.044602E+01
 6.507305E-01   0.000000E+00   0.000000E+00   0.000000E+00   1.520113E-01   8.479887E-01   1.215833E+01
 7.284535E-01   0.000000E+00   0.000000E+00   0.000000E+00   1.327790E-01   8.672210E-01   1.424082E+01
 8.017135E-01   0.000000E+00   0.000000E+00   0.000000E+00   1.146928E-01   8.853072E-01   1.685359E+01
 8.699052E-01   0.000000E+00   0.000000E+00   0.000000E+00   9.763762E-02   9.023624E-01   2.022709E+01
 9.321433E-01   0.000000E+00   0.000000E+00   0.000000E+00   7.902615E-02   9.209739E-01   2.561132E+01
 r/a            s_alpha        s_alpha_i      s_alpha_e      frac_ai        frac_ae        E_alpha/E_c
                (MW/cm^3)      (MW/cm^3)      (MW/cm^3)                                    
 0.000000E+00   0.000000E+00   0.000000E+00   0.000000E+00   3.525394E-01   6.474606E-01   4.160591E+00
 5.814107E-02   0.000000E+00   0.000000E+00   0.000000E+00   3.409625E-01   6.590375E-01   4.361147E+00
 1.270131E-01   0.000000E+00   0.000000E+00   0.000000E+00   3.164832E-01   6.835168E-01   4.835131E+00
 2.123516E-01   0.000000E+00   0.000000E+00   0.000000E+00   2.864060E-01   7.135940E-01   5.532032E+00
 3.045987E-01   0.000000E+00   0.000000E+00   0.000000E+00   2.529637E-01   7.470363E-01   6.507666E+00
 3.953207E-01   0.000000E+00   0.000000E+00   0.000000E+00   2.232310E-01   7.767690E-01   7.628239E+00
 4.836490E-01   0.000000E+00   0.000000E+00   0.000000E+00   1.962581E-01   8.037419E-01   8.947533E+00
 5.690520E-01   0.000000E+00   0.000000E+00   0.000000E+00   1.727141E-01   8.272859E-01   1.044602E+01
 6.507305E-01   0.000000E+00   0.000000E+00   0.000000E+00   1.520113E-01   8.479887E-01   1.215833E+01
 7.284535E-01   0.000000E+00   0.000000E+00   0.000000E+00   1.327790E-01   8.672210E-01   1.424082E+01
 8.017135E-01   0.000000E+00   0.000000E+00   0.000000E+00   1.146928E-01   8.853072E-01   1.685359E+01
 8.699052E-01   0.000000E+00   0.000000E+00   0.000000E+00   9.763762E-02   9.023624E-01   2.022709E+01
 9.321433E-01   0.000000E+00   0.000000E+00   0.000000E+00   7.902615E-02   9.209739E-01   2.561132E+01
 r/a            s_alpha        s_alpha_i      s_alpha_e      frac_ai        frac_ae        E_alpha/E_c
                (MW/cm^3)      (MW/cm^3)      (MW/cm^3)                                    
 0.000000E+00   0.000000E+00   0.000000E+00   0.000000E+00   3.525394E-01   6.474606E-01   4.160591E+00
 5.814107E-02   0.000000E+00   0.000000E+00   0.000000E+00   3.409625E-01   6.590375E-01   4.361147E+00
 1.270131E-01   0.000000E+00   0.000000E+00   0.000000E+00   3.164832E-01   6.835168E-01   4.835131E+00
 2.123516E-01   0.000000E+00   0.000000E+00   0.000000E+00   2.864060E-01   7.135940E-01   5.532032E+00
 3.045987E-01   0.000000E+00   0.000000E+00   0.000000E+00   2.529637E-01   7.470363E-01   6.507666E+00
 3.953207E-01   0.000000E+00   0.000000E+00   0.000000E+00   2.232310E-01   7.767690E-01   7.628239E+00
 4.836490E-01   0.000000E+00   0.000000E+00   0.000000E+00   1.962581E-01   8.037419E-01   8.947533E+00
 5.690520E-01   0.000000E+00   0.000000E+00   0.000000E+00   1.727141E-01   8.272859E-01   1.044602E+01
 6.507305E-01   0.000000E+00   0.000000E+00   0.000000E+00   1.520113E-01   8.479887E-01   1.215833E+01
 7.284535E-01   0.000000E+00   0.000000E+00   0.000000E+00   1.327790E-01   8.672210E-01   1.424082E+01
 8.017135E-01   0.000000E+00   0.000000E+00   0.000000E+00   1.146928E-01   8.853072E-01   1.685359E+01
 8.699052E-01   0.000000E+00   0.000000E+00   0.000000E+00   9.763762E-02   9.023624E-01   2.022709E+01
 9.321433E-01   0.000000E+00   0.000000E+00   0.000000E+00   7.902615E-02   9.209739E-01   2.561132E+01
 r/a            s_alpha        s_alpha_i      s_alpha_e      frac_ai        frac_ae        E_alpha/E_c
                (MW/cm^3)      (MW/cm^3)      (MW/cm^3)                                    
 0.000000E+00   0.000000E+00   0.000000E+00   0.000000E+00   3.523162E-01   6.476838E-01   4.164330E+00
 5.814107E-02   0.000000E+00   0.000000E+00   0.000000E+00   3.407185E-01   6.592815E-01   4.365525E+00
 1.270131E-01   0.000000E+00   0.000000E+00   0.000000E+00   3.163415E-01   6.836585E-01   4.838095E+00
 2.123516E-01   0.000000E+00   0.000000E+00   0.000000E+00   2.863774E-01   7.136226E-01   5.532765E+00
 3.045987E-01   0.000000E+00   0.000000E+00   0.000000E+00   2.529248E-01   7.470752E-01   6.508954E+00
 3.953207E-01   0.000000E+00   0.000000E+00   0.000000E+00   2.232154E-01   7.767846E-01   7.628907E+00
 4.836490E-01   0.000000E+00   0.000000E+00   0.000000E+00   1.962462E-01   8.037538E-01   8.948199E+00
 5.690520E-01   0.000000E+00   0.000000E+00   0.000000E+00   1.727043E-01   8.272957E-01   1.044673E+01
 6.507305E-01   0.000000E+00   0.000000E+00   0.000000E+00   1.520012E-01   8.479988E-01   1.215928E+01
 7.284535E-01   0.000000E+00   0.000000E+00   0.000000E+00   1.327763E-01   8.672237E-01   1.424115E+01
 8.017135E-01   0.000000E+00   0.000000E+00   0.000000E+00   1.146974E-01   8.853026E-01   1.685283E+01
 8.699052E-01   0.000000E+00   0.000000E+00   0.000000E+00   9.764201E-02   9.023580E-01   2.022607E+01
 9.321433E-01   0.000000E+00   0.000000E+00   0.000000E+00   7.902615E-02   9.209739E-01   2.561132E+01
 r/a            s_alpha        s_alpha_i      s_alpha_e      frac_ai        frac_ae        E_alpha/E_c
                (MW/cm^3)      (MW/cm^3)      (MW/cm^3)                                    
 0.000000E+00   0.000000E+00   0.000000E+00   0.000000E+00   3.523162E-01   6.476838E-01   4.164330E+00
 5.814107E-02   0.000000E+00   0.000000E+00   0.000000E+00   3.407185E-01   6.592815E-01   4.365525E+00
 1.270131E-01   0.000000E+00   0.000000E+00   0.000000E+00   3.163415E-01   6.836585E-01   4.838095E+00
 2.123516E-01   0.000000E+00   0.000000E+00   0.000000E+00   2.863774E-01   7.136226E-01   5.532765E+00
 3.045987E-01   0.000000E+00   0.000000E+00   0.000000E+00   2.529248E-01   7.470752E-01   6.508954E+00
 3.953207E-01   0.000000E+00   0.000000E+00   0.000000E+00   2.232154E-01   7.767846E-01   7.628907E+00
 4.836490E-01   0.000000E+00   0.000000E+00   0.000000E+00   1.962462E-01   8.037538E-01   8.948199E+00
 5.690520E-01   0.000000E+00   0.000000E+00   0.000000E+00   1.727043E-01   8.272957E-01   1.044673E+01
 6.507305E-01   0.000000E+00   0.000000E+00   0.000000E+00   1.520012E-01   8.479988E-01   1.215928E+01
 7.284535E-01   0.000000E+00   0.000000E+00   0.000000E+00   1.327763E-01   8.672237E-01   1.424115E+01
 8.017135E-01   0.000000E+00   0.000000E+00   0.000000E+00   1.146974E-01   8.853026E-01   1.685283E+01
 8.699052E-01   0.000000E+00   0.000000E+00   0.000000E+00   9.764201E-02   9.023580E-01   2.022607E+01
 9.321433E-01   0.000000E+00   0.000000E+00   0.000000E+00   7.902615E-02   9.209739E-01   2.561132E+01
 r/a            s_alpha        s_alpha_i      s_alpha_e      frac_ai        frac_ae        E_alpha/E_c
                (MW/cm^3)      (MW/cm^3)      (MW/cm^3)                                    
 0.000000E+00   0.000000E+00   0.000000E+00   0.000000E+00   3.523162E-01   6.476838E-01   4.164330E+00
 5.814107E-02   0.000000E+00   0.000000E+00   0.000000E+00   3.407185E-01   6.592815E-01   4.365525E+00
 1.270131E-01   0.000000E+00   0.000000E+00   0.000000E+00   3.163415E-01   6.836585E-01   4.838095E+00
 2.123516E-01   0.000000E+00   0.000000E+00   0.000000E+00   2.863774E-01   7.136226E-01   5.532765E+00
 3.045987E-01   0.000000E+00   0.000000E+00   0.000000E+00   2.529248E-01   7.470752E-01   6.508954E+00
 3.953207E-01   0.000000E+00   0.000000E+00   0.000000E+00   2.232154E-01   7.767846E-01   7.628907E+00
 4.836490E-01   0.000000E+00   0.000000E+00   0.000000E+00   1.962462E-01   8.037538E-01   8.948199E+00
 5.690520E-01   0.000000E+00   0.000000E+00   0.000000E+00   1.727043E-01   8.272957E-01   1.044673E+01
 6.507305E-01   0.000000E+00   0.000000E+00   0.000000E+00   1.520012E-01   8.479988E-01   1.215928E+01
 7.284535E-01   0.000000E+00   0.000000E+00   0.000000E+00   1.327763E-01   8.672237E-01   1.424115E+01
 8.017135E-01   0.000000E+00   0.000000E+00   0.000000E+00   1.146974E-01   8.853026E-01   1.685283E+01
 8.699052E-01   0.000000E+00   0.000000E+00   0.000000E+00   9.764201E-02   9.023580E-01   2.022607E+01
 9.321433E-01   0.000000E+00   0.000000E+00   0.000000E+00   7.902615E-02   9.209739E-01   2.561132E+01
 r/a            s_alpha        s_alpha_i      s_alpha_e      frac_ai        frac_ae        E_alpha/E_c
                (MW/cm^3)      (MW/cm^3)      (MW/cm^3)                                    
 0.000000E+00   0.000000E+00   0.000000E+00   0.000000E+00   3.523162E-01   6.476838E-01   4.164330E+00
 5.814107E-02   0.000000E+00   0.000000E+00   0.000000E+00   3.407185E-01   6.592815E-01   4.365525E+00
 1.270131E-01   0.000000E+00   0.000000E+00   0.000000E+00   3.163415E-01   6.836585E-01   4.838095E+00
 2.123516E-01   0.000000E+00   0.000000E+00   0.000000E+00   2.863774E-01   7.136226E-01   5.532765E+00
 3.045987E-01   0.000000E+00   0.000000E+00   0.000000E+00   2.529248E-01   7.470752E-01   6.508954E+00
 3.953207E-01   0.000000E+00   0.000000E+00   0.000000E+00   2.232154E-01   7.767846E-01   7.628907E+00
 4.836490E-01   0.000000E+00   0.000000E+00   0.000000E+00   1.962462E-01   8.037538E-01   8.948199E+00
 5.690520E-01   0.000000E+00   0.000000E+00   0.000000E+00   1.727043E-01   8.272957E-01   1.044673E+01
 6.507305E-01   0.000000E+00   0.000000E+00   0.000000E+00   1.520012E-01   8.479988E-01   1.215928E+01
 7.284535E-01   0.000000E+00   0.000000E+00   0.000000E+00   1.327763E-01   8.672237E-01   1.424115E+01
 8.017135E-01   0.000000E+00   0.000000E+00   0.000000E+00   1.146974E-01   8.853026E-01   1.685283E+01
 8.699052E-01   0.000000E+00   0.000000E+00   0.000000E+00   9.764201E-02   9.023580E-01   2.022607E+01
 9.321433E-01   0.000000E+00   0.000000E+00   0.000000E+00   7.902615E-02   9.209739E-01   2.561132E+01
 r/a            s_alpha        s_alpha_i      s_alpha_e      frac_ai        frac_ae        E_alpha/E_c
                (MW/cm^3)      (MW/cm^3)      (MW/cm^3)                                    
 0.000000E+00   0.000000E+00   0.000000E+00   0.000000E+00   3.523162E-01   6.476838E-01   4.164330E+00
 5.814107E-02   0.000000E+00   0.000000E+00   0.000000E+00   3.407185E-01   6.592815E-01   4.365525E+00
 1.270131E-01   0.000000E+00   0.000000E+00   0.000000E+00   3.163415E-01   6.836585E-01   4.838095E+00
 2.123516E-01   0.000000E+00   0.000000E+00   0.000000E+00   2.863774E-01   7.136226E-01   5.532765E+00
 3.045987E-01   0.000000E+00   0.000000E+00   0.000000E+00   2.529248E-01   7.470752E-01   6.508954E+00
 3.953207E-01   0.000000E+00   0.000000E+00   0.000000E+00   2.232154E-01   7.767846E-01   7.628907E+00
 4.836490E-01   0.000000E+00   0.000000E+00   0.000000E+00   1.962462E-01   8.037538E-01   8.948199E+00
 5.690520E-01   0.000000E+00   0.000000E+00   0.000000E+00   1.727043E-01   8.272957E-01   1.044673E+01
 6.507305E-01   0.000000E+00   0.000000E+00   0.000000E+00   1.520012E-01   8.479988E-01   1.215928E+01
 7.284535E-01   0.000000E+00   0.000000E+00   0.000000E+00   1.327763E-01   8.672237E-01   1.424115E+01
 8.017135E-01   0.000000E+00   0.000000E+00   0.000000E+00   1.146974E-01   8.853026E-01   1.685283E+01
 8.699052E-01   0.000000E+00   0.000000E+00   0.000000E+00   9.764201E-02   9.023580E-01   2.022607E+01
 9.321433E-01   0.000000E+00   0.000000E+00   0.000000E+00   7.902615E-02   9.209739E-01   2.561132E+01
 r/a            s_alpha        s_alpha_i      s_alpha_e      frac_ai        frac_ae        E_alpha/E_c
                (MW/cm^3)      (MW/cm^3)      (MW/cm^3)                                    
 0.000000E+00   0.000000E+00   0.000000E+00   0.000000E+00   3.523162E-01   6.476838E-01   4.164330E+00
 5.814107E-02   0.000000E+00   0.000000E+00   0.000000E+00   3.407185E-01   6.592815E-01   4.365525E+00
 1.270131E-01   0.000000E+00   0.000000E+00   0.000000E+00   3.163415E-01   6.836585E-01   4.838095E+00
 2.123516E-01   0.000000E+00   0.000000E+00   0.000000E+00   2.863774E-01   7.136226E-01   5.532765E+00
 3.045987E-01   0.000000E+00   0.000000E+00   0.000000E+00   2.529248E-01   7.470752E-01   6.508954E+00
 3.953207E-01   0.000000E+00   0.000000E+00   0.000000E+00   2.232154E-01   7.767846E-01   7.628907E+00
 4.836490E-01   0.000000E+00   0.000000E+00   0.000000E+00   1.962462E-01   8.037538E-01   8.948199E+00
 5.690520E-01   0.000000E+00   0.000000E+00   0.000000E+00   1.727043E-01   8.272957E-01   1.044673E+01
 6.507305E-01   0.000000E+00   0.000000E+00   0.000000E+00   1.520012E-01   8.479988E-01   1.215928E+01
 7.284535E-01   0.000000E+00   0.000000E+00   0.000000E+00   1.327763E-01   8.672237E-01   1.424115E+01
 8.017135E-01   0.000000E+00   0.000000E+00   0.000000E+00   1.146974E-01   8.853026E-01   1.685283E+01
 8.699052E-01   0.000000E+00   0.000000E+00   0.000000E+00   9.764201E-02   9.023580E-01   2.022607E+01
 9.321433E-01   0.000000E+00   0.000000E+00   0.000000E+00   7.902615E-02   9.209739E-01   2.561132E+01
 r/a            s_alpha        s_alpha_i      s_alpha_e      frac_ai        frac_ae        E_alpha/E_c
                (MW/cm^3)      (MW/cm^3)      (MW/cm^3)                                    
 0.000000E+00   0.000000E+00   0.000000E+00   0.000000E+00   3.523162E-01   6.476838E-01   4.164330E+00
 5.814107E-02   0.000000E+00   0.000000E+00   0.000000E+00   3.407185E-01   6.592815E-01   4.365525E+00
 1.270131E-01   0.000000E+00   0.000000E+00   0.000000E+00   3.163415E-01   6.836585E-01   4.838095E+00
 2.123516E-01   0.000000E+00   0.000000E+00   0.000000E+00   2.863774E-01   7.136226E-01   5.532765E+00
 3.045987E-01   0.000000E+00   0.000000E+00   0.000000E+00   2.529248E-01   7.470752E-01   6.508954E+00
 3.953207E-01   0.000000E+00   0.000000E+00   0.000000E+00   2.232154E-01   7.767846E-01   7.628907E+00
 4.836490E-01   0.000000E+00   0.000000E+00   0.000000E+00   1.962462E-01   8.037538E-01   8.948199E+00
 5.690520E-01   0.000000E+00   0.000000E+00   0.000000E+00   1.727043E-01   8.272957E-01   1.044673E+01
 6.507305E-01   0.000000E+00   0.000000E+00   0.000000E+00   1.520012E-01   8.479988E-01   1.215928E+01
 7.284535E-01   0.000000E+00   0.000000E+00   0.000000E+00   1.327763E-01   8.672237E-01   1.424115E+01
 8.017135E-01   0.000000E+00   0.000000E+00   0.000000E+00   1.146974E-01   8.853026E-01   1.685283E+01
 8.699052E-01   0.000000E+00   0.000000E+00   0.000000E+00   9.764201E-02   9.023580E-01   2.022607E+01
 9.321433E-01   0.000000E+00   0.000000E+00   0.000000E+00   7.902615E-02   9.209739E-01   2.561132E+01
 r/a            s_alpha        s_alpha_i      s_alpha_e      frac_ai        frac_ae        E_alpha/E_c
                (MW/cm^3)      (MW/cm^3)      (MW/cm^3)                                    
 0.000000E+00   0.000000E+00   0.000000E+00   0.000000E+00   3.523162E-01   6.476838E-01   4.164330E+00
 5.814107E-02   0.000000E+00   0.000000E+00   0.000000E+00   3.407185E-01   6.592815E-01   4.365525E+00
 1.270131E-01   0.000000E+00   0.000000E+00   0.000000E+00   3.163415E-01   6.836585E-01   4.838095E+00
 2.123516E-01   0.000000E+00   0.000000E+00   0.000000E+00   2.863774E-01   7.136226E-01   5.532765E+00
 3.045987E-01   0.000000E+00   0.000000E+00   0.000000E+00   2.529248E-01   7.470752E-01   6.508954E+00
 3.953207E-01   0.000000E+00   0.000000E+00   0.000000E+00   2.232154E-01   7.767846E-01   7.628907E+00
 4.836490E-01   0.000000E+00   0.000000E+00   0.000000E+00   1.962462E-01   8.037538E-01   8.948199E+00
 5.690520E-01   0.000000E+00   0.000000E+00   0.000000E+00   1.727043E-01   8.272957E-01   1.044673E+01
 6.507305E-01   0.000000E+00   0.000000E+00   0.000000E+00   1.520012E-01   8.479988E-01   1.215928E+01
 7.284535E-01   0.000000E+00   0.000000E+00   0.000000E+00   1.327763E-01   8.672237E-01   1.424115E+01
 8.017135E-01   0.000000E+00   0.000000E+00   0.000000E+00   1.146974E-01   8.853026E-01   1.685283E+01
 8.699052E-01   0.000000E+00   0.000000E+00   0.000000E+00   9.764201E-02   9.023580E-01   2.022607E+01
 9.321433E-01   0.000000E+00   0.000000E+00   0.000000E+00   7.902615E-02   9.209739E-01   2.561132E+01
 r/a            s_alpha        s_alpha_i      s_alpha_e      frac_ai        frac_ae        E_alpha/E_c
                (MW/cm^3)      (MW/cm^3)      (MW/cm^3)                                    
 0.000000E+00   0.000000E+00   0.000000E+00   0.000000E+00   3.523162E-01   6.476838E-01   4.164330E+00
 5.814107E-02   0.000000E+00   0.000000E+00   0.000000E+00   3.407185E-01   6.592815E-01   4.365525E+00
 1.270131E-01   0.000000E+00   0.000000E+00   0.000000E+00   3.163415E-01   6.836585E-01   4.838095E+00
 2.123516E-01   0.000000E+00   0.000000E+00   0.000000E+00   2.863774E-01   7.136226E-01   5.532765E+00
 3.045987E-01   0.000000E+00   0.000000E+00   0.000000E+00   2.529248E-01   7.470752E-01   6.508954E+00
 3.953207E-01   0.000000E+00   0.000000E+00   0.000000E+00   2.232154E-01   7.767846E-01   7.628907E+00
 4.836490E-01   0.000000E+00   0.000000E+00   0.000000E+00   1.962462E-01   8.037538E-01   8.948199E+00
 5.690520E-01   0.000000E+00   0.000000E+00   0.000000E+00   1.727043E-01   8.272957E-01   1.044673E+01
 6.507305E-01   0.000000E+00   0.000000E+00   0.000000E+00   1.520012E-01   8.479988E-01   1.215928E+01
 7.284535E-01   0.000000E+00   0.000000E+00   0.000000E+00   1.327763E-01   8.672237E-01   1.424115E+01
 8.017135E-01   0.000000E+00   0.000000E+00   0.000000E+00   1.146974E-01   8.853026E-01   1.685283E+01
 8.699052E-01   0.000000E+00   0.000000E+00   0.000000E+00   9.764201E-02   9.023580E-01   2.022607E+01
 9.321433E-01   0.000000E+00   0.000000E+00   0.000000E+00   7.902615E-02   9.209739E-01   2.561132E+01
 r/a            s_alpha        s_alpha_i      s_alpha_e      frac_ai        frac_ae        E_alpha/E_c
                (MW/cm^3)      (MW/cm^3)      (MW/cm^3)                                    
 0.000000E+00   0.000000E+00   0.000000E+00   0.000000E+00   3.523162E-01   6.476838E-01   4.164330E+00
 5.814107E-02   0.000000E+00   0.000000E+00   0.000000E+00   3.407185E-01   6.592815E-01   4.365525E+00
 1.270131E-01   0.000000E+00   0.000000E+00   0.000000E+00   3.163415E-01   6.836585E-01   4.838095E+00
 2.123516E-01   0.000000E+00   0.000000E+00   0.000000E+00   2.863774E-01   7.136226E-01   5.532765E+00
 3.045987E-01   0.000000E+00   0.000000E+00   0.000000E+00   2.529248E-01   7.470752E-01   6.508954E+00
 3.953207E-01   0.000000E+00   0.000000E+00   0.000000E+00   2.232154E-01   7.767846E-01   7.628907E+00
 4.836490E-01   0.000000E+00   0.000000E+00   0.000000E+00   1.962462E-01   8.037538E-01   8.948199E+00
 5.690520E-01   0.000000E+00   0.000000E+00   0.000000E+00   1.727043E-01   8.272957E-01   1.044673E+01
 6.507305E-01   0.000000E+00   0.000000E+00   0.000000E+00   1.520012E-01   8.479988E-01   1.215928E+01
 7.284535E-01   0.000000E+00   0.000000E+00   0.000000E+00   1.327763E-01   8.672237E-01   1.424115E+01
 8.017135E-01   0.000000E+00   0.000000E+00   0.000000E+00   1.146974E-01   8.853026E-01   1.685283E+01
 8.699052E-01   0.000000E+00   0.000000E+00   0.000000E+00   9.764201E-02   9.023580E-01   2.022607E+01
 9.321433E-01   0.000000E+00   0.000000E+00   0.000000E+00   7.902615E-02   9.209739E-01   2.561132E+01
