 r/a            s_alpha        s_alpha_i      s_alpha_e      frac_ai        frac_ae        E_alpha/E_c
                (MW/cm^3)      (MW/cm^3)      (MW/cm^3)                                    
 0.000000E+00   0.000000E+00   0.000000E+00   0.000000E+00   2.702087E-01   7.297913E-01   5.973569E+00
 6.254416E-02   0.000000E+00   0.000000E+00   0.000000E+00   2.681612E-01   7.318388E-01   6.033290E+00
 1.363218E-01   0.000000E+00   0.000000E+00   0.000000E+00   2.649566E-01   7.350434E-01   6.128666E+00
 2.245182E-01   0.000000E+00   0.000000E+00   0.000000E+00   2.554567E-01   7.445433E-01   6.425869E+00
 3.146901E-01   0.000000E+00   0.000000E+00   0.000000E+00   2.317770E-01   7.682230E-01   7.275899E+00
 4.030116E-01   0.000000E+00   0.000000E+00   0.000000E+00   2.054354E-01   7.945646E-01   8.458724E+00
 4.893995E-01   0.000000E+00   0.000000E+00   0.000000E+00   1.827545E-01   8.172455E-01   9.758542E+00
 5.733201E-01   0.000000E+00   0.000000E+00   0.000000E+00   1.630570E-01   8.369430E-01   1.118930E+01
 6.539492E-01   0.000000E+00   0.000000E+00   0.000000E+00   1.457803E-01   8.542197E-01   1.277142E+01
 7.310152E-01   0.000000E+00   0.000000E+00   0.000000E+00   1.287949E-01   8.712051E-01   1.475195E+01
 8.038158E-01   0.000000E+00   0.000000E+00   0.000000E+00   1.124138E-01   8.875862E-01   1.724390E+01
 8.716321E-01   0.000000E+00   0.000000E+00   0.000000E+00   9.439691E-02   9.056031E-01   2.100906E+01
 9.335506E-01   0.000000E+00   0.000000E+00   0.000000E+00   7.903801E-02   9.209620E-01   2.560707E+01
 r/a            s_alpha        s_alpha_i      s_alpha_e      frac_ai        frac_ae        E_alpha/E_c
                (MW/cm^3)      (MW/cm^3)      (MW/cm^3)                                    
 0.000000E+00   0.000000E+00   0.000000E+00   0.000000E+00   2.712815E-01   7.287185E-01   5.942648E+00
 6.254416E-02   0.000000E+00   0.000000E+00   0.000000E+00   2.687124E-01   7.312876E-01   6.017121E+00
 1.363218E-01   0.000000E+00   0.000000E+00   0.000000E+00   2.648700E-01   7.351300E-01   6.131278E+00
 2.245182E-01   0.000000E+00   0.000000E+00   0.000000E+00   2.553214E-01   7.446786E-01   6.430266E+00
 3.146901E-01   0.000000E+00   0.000000E+00   0.000000E+00   2.316040E-01   7.683960E-01   7.282765E+00
 4.030116E-01   0.000000E+00   0.000000E+00   0.000000E+00   2.052345E-01   7.947655E-01   8.468944E+00
 4.893995E-01   0.000000E+00   0.000000E+00   0.000000E+00   1.825360E-01   8.174640E-01   9.772677E+00
 5.733201E-01   0.000000E+00   0.000000E+00   0.000000E+00   1.628291E-01   8.371709E-01   1.120793E+01
 6.539492E-01   0.000000E+00   0.000000E+00   0.000000E+00   1.455550E-01   8.544450E-01   1.279461E+01
 7.310152E-01   0.000000E+00   0.000000E+00   0.000000E+00   1.285770E-01   8.714230E-01   1.478083E+01
 8.038158E-01   0.000000E+00   0.000000E+00   0.000000E+00   1.122151E-01   8.877849E-01   1.727870E+01
 8.716321E-01   0.000000E+00   0.000000E+00   0.000000E+00   9.424631E-02   9.057537E-01   2.104673E+01
 9.335506E-01   0.000000E+00   0.000000E+00   0.000000E+00   7.903801E-02   9.209620E-01   2.560707E+01
 r/a            s_alpha        s_alpha_i      s_alpha_e      frac_ai        frac_ae        E_alpha/E_c
                (MW/cm^3)      (MW/cm^3)      (MW/cm^3)                                    
 0.000000E+00   0.000000E+00   0.000000E+00   0.000000E+00   2.756245E-01   7.243755E-01   5.819996E+00
 6.254416E-02   0.000000E+00   0.000000E+00   0.000000E+00   2.712532E-01   7.287468E-01   5.943460E+00
 1.363218E-01   0.000000E+00   0.000000E+00   0.000000E+00   2.654853E-01   7.345147E-01   6.112769E+00
 2.245182E-01   0.000000E+00   0.000000E+00   0.000000E+00   2.563462E-01   7.436538E-01   6.397080E+00
 3.146901E-01   0.000000E+00   0.000000E+00   0.000000E+00   2.327477E-01   7.672523E-01   7.237559E+00
 4.030116E-01   0.000000E+00   0.000000E+00   0.000000E+00   2.063054E-01   7.936946E-01   8.414698E+00
 4.893995E-01   0.000000E+00   0.000000E+00   0.000000E+00   1.836271E-01   8.163729E-01   9.702433E+00
 5.733201E-01   0.000000E+00   0.000000E+00   0.000000E+00   1.638908E-01   8.361092E-01   1.112157E+01
 6.539492E-01   0.000000E+00   0.000000E+00   0.000000E+00   1.464737E-01   8.535263E-01   1.270056E+01
 7.310152E-01   0.000000E+00   0.000000E+00   0.000000E+00   1.293830E-01   8.706170E-01   1.467448E+01
 8.038158E-01   0.000000E+00   0.000000E+00   0.000000E+00   1.129862E-01   8.870138E-01   1.714436E+01
 8.716321E-01   0.000000E+00   0.000000E+00   0.000000E+00   9.509158E-02   9.049084E-01   2.083686E+01
 9.335506E-01   0.000000E+00   0.000000E+00   0.000000E+00   7.903801E-02   9.209620E-01   2.560707E+01
 r/a            s_alpha        s_alpha_i      s_alpha_e      frac_ai        frac_ae        E_alpha/E_c
                (MW/cm^3)      (MW/cm^3)      (MW/cm^3)                                    
 0.000000E+00   0.000000E+00   0.000000E+00   0.000000E+00   2.826598E-01   7.173402E-01   5.629530E+00
 6.254416E-02   0.000000E+00   0.000000E+00   0.000000E+00   2.762887E-01   7.237113E-01   5.801587E+00
 1.363218E-01   0.000000E+00   0.000000E+00   0.000000E+00   2.672626E-01   7.327374E-01   6.059799E+00
 2.245182E-01   0.000000E+00   0.000000E+00   0.000000E+00   2.573718E-01   7.426282E-01   6.364142E+00
 3.146901E-01   0.000000E+00   0.000000E+00   0.000000E+00   2.341511E-01   7.658489E-01   7.182702E+00
 4.030116E-01   0.000000E+00   0.000000E+00   0.000000E+00   2.075967E-01   7.924033E-01   8.350054E+00
 4.893995E-01   0.000000E+00   0.000000E+00   0.000000E+00   1.850179E-01   8.149821E-01   9.614129E+00
 5.733201E-01   0.000000E+00   0.000000E+00   0.000000E+00   1.651347E-01   8.348653E-01   1.102185E+01
 6.539492E-01   0.000000E+00   0.000000E+00   0.000000E+00   1.474544E-01   8.525456E-01   1.260149E+01
 7.310152E-01   0.000000E+00   0.000000E+00   0.000000E+00   1.303112E-01   8.696888E-01   1.455364E+01
 8.038158E-01   0.000000E+00   0.000000E+00   0.000000E+00   1.137651E-01   8.862349E-01   1.701054E+01
 8.716321E-01   0.000000E+00   0.000000E+00   0.000000E+00   9.611847E-02   9.038815E-01   2.058696E+01
 9.335506E-01   0.000000E+00   0.000000E+00   0.000000E+00   7.903801E-02   9.209620E-01   2.560707E+01
 r/a            s_alpha        s_alpha_i      s_alpha_e      frac_ai        frac_ae        E_alpha/E_c
                (MW/cm^3)      (MW/cm^3)      (MW/cm^3)                                    
 0.000000E+00   0.000000E+00   0.000000E+00   0.000000E+00   2.966457E-01   7.033543E-01   5.278446E+00
 6.254416E-02   0.000000E+00   0.000000E+00   0.000000E+00   2.895462E-01   7.104538E-01   5.452304E+00
 1.363218E-01   0.000000E+00   0.000000E+00   0.000000E+00   2.772811E-01   7.227189E-01   5.774253E+00
 2.245182E-01   0.000000E+00   0.000000E+00   0.000000E+00   2.613793E-01   7.386207E-01   6.237977E+00
 3.146901E-01   0.000000E+00   0.000000E+00   0.000000E+00   2.355109E-01   7.644891E-01   7.130193E+00
 4.030116E-01   0.000000E+00   0.000000E+00   0.000000E+00   2.090998E-01   7.909002E-01   8.275840E+00
 4.893995E-01   0.000000E+00   0.000000E+00   0.000000E+00   1.865079E-01   8.134921E-01   9.521021E+00
 5.733201E-01   0.000000E+00   0.000000E+00   0.000000E+00   1.664053E-01   8.335947E-01   1.092157E+01
 6.539492E-01   0.000000E+00   0.000000E+00   0.000000E+00   1.481300E-01   8.518700E-01   1.253402E+01
 7.310152E-01   0.000000E+00   0.000000E+00   0.000000E+00   1.309441E-01   8.690559E-01   1.447226E+01
 8.038158E-01   0.000000E+00   0.000000E+00   0.000000E+00   1.143805E-01   8.856195E-01   1.690614E+01
 8.716321E-01   0.000000E+00   0.000000E+00   0.000000E+00   9.706819E-02   9.029318E-01   2.036063E+01
 9.335506E-01   0.000000E+00   0.000000E+00   0.000000E+00   7.903801E-02   9.209620E-01   2.560707E+01
 r/a            s_alpha        s_alpha_i      s_alpha_e      frac_ai        frac_ae        E_alpha/E_c
                (MW/cm^3)      (MW/cm^3)      (MW/cm^3)                                    
 0.000000E+00   0.000000E+00   0.000000E+00   0.000000E+00   2.978287E-01   7.021713E-01   5.250304E+00
 6.254416E-02   0.000000E+00   0.000000E+00   0.000000E+00   2.904312E-01   7.095688E-01   5.430154E+00
 1.363218E-01   0.000000E+00   0.000000E+00   0.000000E+00   2.769293E-01   7.230707E-01   5.783920E+00
 2.245182E-01   0.000000E+00   0.000000E+00   0.000000E+00   2.578516E-01   7.421484E-01   6.348823E+00
 3.146901E-01   0.000000E+00   0.000000E+00   0.000000E+00   2.328893E-01   7.671107E-01   7.231991E+00
 4.030116E-01   0.000000E+00   0.000000E+00   0.000000E+00   2.089693E-01   7.910307E-01   8.282241E+00
 4.893995E-01   0.000000E+00   0.000000E+00   0.000000E+00   1.864020E-01   8.135980E-01   9.527587E+00
 5.733201E-01   0.000000E+00   0.000000E+00   0.000000E+00   1.664913E-01   8.335087E-01   1.091484E+01
 6.539492E-01   0.000000E+00   0.000000E+00   0.000000E+00   1.482105E-01   8.517895E-01   1.252602E+01
 7.310152E-01   0.000000E+00   0.000000E+00   0.000000E+00   1.309909E-01   8.690091E-01   1.446628E+01
 8.038158E-01   0.000000E+00   0.000000E+00   0.000000E+00   1.143601E-01   8.856399E-01   1.690958E+01
 8.716321E-01   0.000000E+00   0.000000E+00   0.000000E+00   9.729110E-02   9.027089E-01   2.030817E+01
 9.335506E-01   0.000000E+00   0.000000E+00   0.000000E+00   7.903801E-02   9.209620E-01   2.560707E+01
 r/a            s_alpha        s_alpha_i      s_alpha_e      frac_ai        frac_ae        E_alpha/E_c
                (MW/cm^3)      (MW/cm^3)      (MW/cm^3)                                    
 0.000000E+00   0.000000E+00   0.000000E+00   0.000000E+00   3.113437E-01   6.886563E-01   4.944406E+00
 6.254416E-02   0.000000E+00   0.000000E+00   0.000000E+00   3.032664E-01   6.967336E-01   5.123855E+00
 1.363218E-01   0.000000E+00   0.000000E+00   0.000000E+00   2.850402E-01   7.149598E-01   5.567272E+00
 2.245182E-01   0.000000E+00   0.000000E+00   0.000000E+00   2.605124E-01   7.394876E-01   6.264931E+00
 3.146901E-01   0.000000E+00   0.000000E+00   0.000000E+00   2.341371E-01   7.658629E-01   7.183245E+00
 4.030116E-01   0.000000E+00   0.000000E+00   0.000000E+00   2.096420E-01   7.903580E-01   8.249338E+00
 4.893995E-01   0.000000E+00   0.000000E+00   0.000000E+00   1.870547E-01   8.129453E-01   9.487236E+00
 5.733201E-01   0.000000E+00   0.000000E+00   0.000000E+00   1.669252E-01   8.330748E-01   1.088098E+01
 6.539492E-01   0.000000E+00   0.000000E+00   0.000000E+00   1.483487E-01   8.516513E-01   1.251232E+01
 7.310152E-01   0.000000E+00   0.000000E+00   0.000000E+00   1.310921E-01   8.689079E-01   1.445335E+01
 8.038158E-01   0.000000E+00   0.000000E+00   0.000000E+00   1.144049E-01   8.855951E-01   1.690202E+01
 8.716321E-01   0.000000E+00   0.000000E+00   0.000000E+00   9.750201E-02   9.024980E-01   2.025875E+01
 9.335506E-01   0.000000E+00   0.000000E+00   0.000000E+00   7.903801E-02   9.209620E-01   2.560707E+01
 r/a            s_alpha        s_alpha_i      s_alpha_e      frac_ai        frac_ae        E_alpha/E_c
                (MW/cm^3)      (MW/cm^3)      (MW/cm^3)                                    
 0.000000E+00   0.000000E+00   0.000000E+00   0.000000E+00   3.322278E-01   6.677722E-01   4.522016E+00
 6.254416E-02   0.000000E+00   0.000000E+00   0.000000E+00   3.218639E-01   6.781361E-01   4.724574E+00
 1.363218E-01   0.000000E+00   0.000000E+00   0.000000E+00   2.966834E-01   7.033166E-01   5.277545E+00
 2.245182E-01   0.000000E+00   0.000000E+00   0.000000E+00   2.658922E-01   7.341078E-01   6.100576E+00
 3.146901E-01   0.000000E+00   0.000000E+00   0.000000E+00   2.366489E-01   7.633511E-01   7.086727E+00
 4.030116E-01   0.000000E+00   0.000000E+00   0.000000E+00   2.106705E-01   7.893295E-01   8.199453E+00
 4.893995E-01   0.000000E+00   0.000000E+00   0.000000E+00   1.883154E-01   8.116846E-01   9.410105E+00
 5.733201E-01   0.000000E+00   0.000000E+00   0.000000E+00   1.677181E-01   8.322819E-01   1.081959E+01
 6.539492E-01   0.000000E+00   0.000000E+00   0.000000E+00   1.484044E-01   8.515956E-01   1.250680E+01
 7.310152E-01   0.000000E+00   0.000000E+00   0.000000E+00   1.310032E-01   8.689968E-01   1.446471E+01
 8.038158E-01   0.000000E+00   0.000000E+00   0.000000E+00   1.141723E-01   8.858277E-01   1.694133E+01
 8.716321E-01   0.000000E+00   0.000000E+00   0.000000E+00   9.764470E-02   9.023553E-01   2.022544E+01
 9.335506E-01   0.000000E+00   0.000000E+00   0.000000E+00   7.903801E-02   9.209620E-01   2.560707E+01
 r/a            s_alpha        s_alpha_i      s_alpha_e      frac_ai        frac_ae        E_alpha/E_c
                (MW/cm^3)      (MW/cm^3)      (MW/cm^3)                                    
 0.000000E+00   0.000000E+00   0.000000E+00   0.000000E+00   3.275258E-01   6.724742E-01   4.612280E+00
 6.254416E-02   0.000000E+00   0.000000E+00   0.000000E+00   3.159456E-01   6.840544E-01   4.846391E+00
 1.363218E-01   0.000000E+00   0.000000E+00   0.000000E+00   2.891914E-01   7.108086E-01   5.461222E+00
 2.245182E-01   0.000000E+00   0.000000E+00   0.000000E+00   2.625906E-01   7.374094E-01   6.200620E+00
 3.146901E-01   0.000000E+00   0.000000E+00   0.000000E+00   2.369961E-01   7.630039E-01   7.073547E+00
 4.030116E-01   0.000000E+00   0.000000E+00   0.000000E+00   2.105504E-01   7.894496E-01   8.205253E+00
 4.893995E-01   0.000000E+00   0.000000E+00   0.000000E+00   1.881698E-01   8.118302E-01   9.418960E+00
 5.733201E-01   0.000000E+00   0.000000E+00   0.000000E+00   1.676544E-01   8.323456E-01   1.082450E+01
 6.539492E-01   0.000000E+00   0.000000E+00   0.000000E+00   1.484419E-01   8.515581E-01   1.250309E+01
 7.310152E-01   0.000000E+00   0.000000E+00   0.000000E+00   1.310263E-01   8.689737E-01   1.446175E+01
 8.038158E-01   0.000000E+00   0.000000E+00   0.000000E+00   1.141816E-01   8.858184E-01   1.693975E+01
 8.716321E-01   0.000000E+00   0.000000E+00   0.000000E+00   9.765517E-02   9.023448E-01   2.022300E+01
 9.335506E-01   0.000000E+00   0.000000E+00   0.000000E+00   7.903801E-02   9.209620E-01   2.560707E+01
 r/a            s_alpha        s_alpha_i      s_alpha_e      frac_ai        frac_ae        E_alpha/E_c
                (MW/cm^3)      (MW/cm^3)      (MW/cm^3)                                    
 0.000000E+00   0.000000E+00   0.000000E+00   0.000000E+00   3.328486E-01   6.671514E-01   4.510296E+00
 6.254416E-02   0.000000E+00   0.000000E+00   0.000000E+00   3.226126E-01   6.773874E-01   4.709493E+00
 1.363218E-01   0.000000E+00   0.000000E+00   0.000000E+00   2.974506E-01   7.025494E-01   5.259274E+00
 2.245182E-01   0.000000E+00   0.000000E+00   0.000000E+00   2.661232E-01   7.338768E-01   6.093672E+00
 3.146901E-01   0.000000E+00   0.000000E+00   0.000000E+00   2.360823E-01   7.639177E-01   7.108312E+00
 4.030116E-01   0.000000E+00   0.000000E+00   0.000000E+00   2.097399E-01   7.902601E-01   8.244567E+00
 4.893995E-01   0.000000E+00   0.000000E+00   0.000000E+00   1.873643E-01   8.126357E-01   9.468194E+00
 5.733201E-01   0.000000E+00   0.000000E+00   0.000000E+00   1.672676E-01   8.327324E-01   1.085440E+01
 6.539492E-01   0.000000E+00   0.000000E+00   0.000000E+00   1.484245E-01   8.515755E-01   1.250481E+01
 7.310152E-01   0.000000E+00   0.000000E+00   0.000000E+00   1.309976E-01   8.690024E-01   1.446542E+01
 8.038158E-01   0.000000E+00   0.000000E+00   0.000000E+00   1.141372E-01   8.858628E-01   1.694728E+01
 8.716321E-01   0.000000E+00   0.000000E+00   0.000000E+00   9.764592E-02   9.023541E-01   2.022516E+01
 9.335506E-01   0.000000E+00   0.000000E+00   0.000000E+00   7.903801E-02   9.209620E-01   2.560707E+01
 r/a            s_alpha        s_alpha_i      s_alpha_e      frac_ai        frac_ae        E_alpha/E_c
                (MW/cm^3)      (MW/cm^3)      (MW/cm^3)                                    
 0.000000E+00   0.000000E+00   0.000000E+00   0.000000E+00   3.359488E-01   6.640512E-01   4.452431E+00
 6.254416E-02   0.000000E+00   0.000000E+00   0.000000E+00   3.246605E-01   6.753395E-01   4.668603E+00
 1.363218E-01   0.000000E+00   0.000000E+00   0.000000E+00   2.981994E-01   7.018006E-01   5.241534E+00
 2.245182E-01   0.000000E+00   0.000000E+00   0.000000E+00   2.663344E-01   7.336656E-01   6.087371E+00
 3.146901E-01   0.000000E+00   0.000000E+00   0.000000E+00   2.361976E-01   7.638024E-01   7.103911E+00
 4.030116E-01   0.000000E+00   0.000000E+00   0.000000E+00   2.100857E-01   7.899143E-01   8.227754E+00
 4.893995E-01   0.000000E+00   0.000000E+00   0.000000E+00   1.876669E-01   8.123331E-01   9.449647E+00
 5.733201E-01   0.000000E+00   0.000000E+00   0.000000E+00   1.674018E-01   8.325982E-01   1.084401E+01
 6.539492E-01   0.000000E+00   0.000000E+00   0.000000E+00   1.484356E-01   8.515644E-01   1.250371E+01
 7.310152E-01   0.000000E+00   0.000000E+00   0.000000E+00   1.309971E-01   8.690029E-01   1.446549E+01
 8.038158E-01   0.000000E+00   0.000000E+00   0.000000E+00   1.141224E-01   8.858776E-01   1.694978E+01
 8.716321E-01   0.000000E+00   0.000000E+00   0.000000E+00   9.764752E-02   9.023525E-01   2.022478E+01
 9.335506E-01   0.000000E+00   0.000000E+00   0.000000E+00   7.903801E-02   9.209620E-01   2.560707E+01
 r/a            s_alpha        s_alpha_i      s_alpha_e      frac_ai        frac_ae        E_alpha/E_c
                (MW/cm^3)      (MW/cm^3)      (MW/cm^3)                                    
 0.000000E+00   0.000000E+00   0.000000E+00   0.000000E+00   3.359488E-01   6.640512E-01   4.452431E+00
 6.254416E-02   0.000000E+00   0.000000E+00   0.000000E+00   3.246605E-01   6.753395E-01   4.668603E+00
 1.363218E-01   0.000000E+00   0.000000E+00   0.000000E+00   2.981994E-01   7.018006E-01   5.241534E+00
 2.245182E-01   0.000000E+00   0.000000E+00   0.000000E+00   2.663344E-01   7.336656E-01   6.087371E+00
 3.146901E-01   0.000000E+00   0.000000E+00   0.000000E+00   2.361976E-01   7.638024E-01   7.103911E+00
 4.030116E-01   0.000000E+00   0.000000E+00   0.000000E+00   2.100857E-01   7.899143E-01   8.227754E+00
 4.893995E-01   0.000000E+00   0.000000E+00   0.000000E+00   1.876669E-01   8.123331E-01   9.449647E+00
 5.733201E-01   0.000000E+00   0.000000E+00   0.000000E+00   1.674018E-01   8.325982E-01   1.084401E+01
 6.539492E-01   0.000000E+00   0.000000E+00   0.000000E+00   1.484356E-01   8.515644E-01   1.250371E+01
 7.310152E-01   0.000000E+00   0.000000E+00   0.000000E+00   1.309971E-01   8.690029E-01   1.446549E+01
 8.038158E-01   0.000000E+00   0.000000E+00   0.000000E+00   1.141224E-01   8.858776E-01   1.694978E+01
 8.716321E-01   0.000000E+00   0.000000E+00   0.000000E+00   9.764752E-02   9.023525E-01   2.022478E+01
 9.335506E-01   0.000000E+00   0.000000E+00   0.000000E+00   7.903801E-02   9.209620E-01   2.560707E+01
 r/a            s_alpha        s_alpha_i      s_alpha_e      frac_ai        frac_ae        E_alpha/E_c
                (MW/cm^3)      (MW/cm^3)      (MW/cm^3)                                    
 0.000000E+00   0.000000E+00   0.000000E+00   0.000000E+00   3.378258E-01   6.621742E-01   4.417930E+00
 6.254416E-02   0.000000E+00   0.000000E+00   0.000000E+00   3.258131E-01   6.741869E-01   4.645823E+00
 1.363218E-01   0.000000E+00   0.000000E+00   0.000000E+00   2.986129E-01   7.013871E-01   5.231775E+00
 2.245182E-01   0.000000E+00   0.000000E+00   0.000000E+00   2.667886E-01   7.332114E-01   6.073854E+00
 3.146901E-01   0.000000E+00   0.000000E+00   0.000000E+00   2.365814E-01   7.634186E-01   7.089293E+00
 4.030116E-01   0.000000E+00   0.000000E+00   0.000000E+00   2.104092E-01   7.895908E-01   8.212077E+00
 4.893995E-01   0.000000E+00   0.000000E+00   0.000000E+00   1.879347E-01   8.120653E-01   9.433286E+00
 5.733201E-01   0.000000E+00   0.000000E+00   0.000000E+00   1.675101E-01   8.324899E-01   1.083564E+01
 6.539492E-01   0.000000E+00   0.000000E+00   0.000000E+00   1.484311E-01   8.515689E-01   1.250415E+01
 7.310152E-01   0.000000E+00   0.000000E+00   0.000000E+00   1.309901E-01   8.690099E-01   1.446638E+01
 8.038158E-01   0.000000E+00   0.000000E+00   0.000000E+00   1.141114E-01   8.858886E-01   1.695165E+01
 8.716321E-01   0.000000E+00   0.000000E+00   0.000000E+00   9.764766E-02   9.023523E-01   2.022475E+01
 9.335506E-01   0.000000E+00   0.000000E+00   0.000000E+00   7.903801E-02   9.209620E-01   2.560707E+01
 r/a            s_alpha        s_alpha_i      s_alpha_e      frac_ai        frac_ae        E_alpha/E_c
                (MW/cm^3)      (MW/cm^3)      (MW/cm^3)                                    
 0.000000E+00   0.000000E+00   0.000000E+00   0.000000E+00   3.386739E-01   6.613261E-01   4.402469E+00
 6.254416E-02   0.000000E+00   0.000000E+00   0.000000E+00   3.257507E-01   6.742493E-01   4.647053E+00
 1.363218E-01   0.000000E+00   0.000000E+00   0.000000E+00   2.980684E-01   7.019316E-01   5.244631E+00
 2.245182E-01   0.000000E+00   0.000000E+00   0.000000E+00   2.668298E-01   7.331702E-01   6.072629E+00
 3.146901E-01   0.000000E+00   0.000000E+00   0.000000E+00   2.366043E-01   7.633957E-01   7.088421E+00
 4.030116E-01   0.000000E+00   0.000000E+00   0.000000E+00   2.104175E-01   7.895825E-01   8.211675E+00
 4.893995E-01   0.000000E+00   0.000000E+00   0.000000E+00   1.879414E-01   8.120586E-01   9.432876E+00
 5.733201E-01   0.000000E+00   0.000000E+00   0.000000E+00   1.675083E-01   8.324917E-01   1.083577E+01
 6.539492E-01   0.000000E+00   0.000000E+00   0.000000E+00   1.484257E-01   8.515743E-01   1.250469E+01
 7.310152E-01   0.000000E+00   0.000000E+00   0.000000E+00   1.309834E-01   8.690166E-01   1.446724E+01
 8.038158E-01   0.000000E+00   0.000000E+00   0.000000E+00   1.140994E-01   8.859006E-01   1.695368E+01
 8.716321E-01   0.000000E+00   0.000000E+00   0.000000E+00   9.764856E-02   9.023514E-01   2.022454E+01
 9.335506E-01   0.000000E+00   0.000000E+00   0.000000E+00   7.903801E-02   9.209620E-01   2.560707E+01
 r/a            s_alpha        s_alpha_i      s_alpha_e      frac_ai        frac_ae        E_alpha/E_c
                (MW/cm^3)      (MW/cm^3)      (MW/cm^3)                                    
 0.000000E+00   0.000000E+00   0.000000E+00   0.000000E+00   3.393386E-01   6.606614E-01   4.390409E+00
 6.254416E-02   0.000000E+00   0.000000E+00   0.000000E+00   3.259954E-01   6.740046E-01   4.642236E+00
 1.363218E-01   0.000000E+00   0.000000E+00   0.000000E+00   2.980372E-01   7.019628E-01   5.245370E+00
 2.245182E-01   0.000000E+00   0.000000E+00   0.000000E+00   2.669269E-01   7.330731E-01   6.069747E+00
 3.146901E-01   0.000000E+00   0.000000E+00   0.000000E+00   2.366149E-01   7.633851E-01   7.088016E+00
 4.030116E-01   0.000000E+00   0.000000E+00   0.000000E+00   2.104196E-01   7.895804E-01   8.211574E+00
 4.893995E-01   0.000000E+00   0.000000E+00   0.000000E+00   1.879451E-01   8.120549E-01   9.432652E+00
 5.733201E-01   0.000000E+00   0.000000E+00   0.000000E+00   1.675051E-01   8.324949E-01   1.083602E+01
 6.539492E-01   0.000000E+00   0.000000E+00   0.000000E+00   1.484185E-01   8.515815E-01   1.250540E+01
 7.310152E-01   0.000000E+00   0.000000E+00   0.000000E+00   1.309772E-01   8.690228E-01   1.446803E+01
 8.038158E-01   0.000000E+00   0.000000E+00   0.000000E+00   1.140907E-01   8.859093E-01   1.695516E+01
 8.716321E-01   0.000000E+00   0.000000E+00   0.000000E+00   9.764808E-02   9.023519E-01   2.022465E+01
 9.335506E-01   0.000000E+00   0.000000E+00   0.000000E+00   7.903801E-02   9.209620E-01   2.560707E+01
 r/a            s_alpha        s_alpha_i      s_alpha_e      frac_ai        frac_ae        E_alpha/E_c
                (MW/cm^3)      (MW/cm^3)      (MW/cm^3)                                    
 0.000000E+00   0.000000E+00   0.000000E+00   0.000000E+00   3.389403E-01   6.610597E-01   4.397630E+00
 6.254416E-02   0.000000E+00   0.000000E+00   0.000000E+00   3.253918E-01   6.746082E-01   4.654131E+00
 1.363218E-01   0.000000E+00   0.000000E+00   0.000000E+00   2.976363E-01   7.023637E-01   5.254865E+00
 2.245182E-01   0.000000E+00   0.000000E+00   0.000000E+00   2.669680E-01   7.330320E-01   6.068527E+00
 3.146901E-01   0.000000E+00   0.000000E+00   0.000000E+00   2.366166E-01   7.633834E-01   7.087952E+00
 4.030116E-01   0.000000E+00   0.000000E+00   0.000000E+00   2.104201E-01   7.895799E-01   8.211552E+00
 4.893995E-01   0.000000E+00   0.000000E+00   0.000000E+00   1.879503E-01   8.120497E-01   9.432333E+00
 5.733201E-01   0.000000E+00   0.000000E+00   0.000000E+00   1.675026E-01   8.324974E-01   1.083622E+01
 6.539492E-01   0.000000E+00   0.000000E+00   0.000000E+00   1.484102E-01   8.515898E-01   1.250623E+01
 7.310152E-01   0.000000E+00   0.000000E+00   0.000000E+00   1.309708E-01   8.690292E-01   1.446885E+01
 8.038158E-01   0.000000E+00   0.000000E+00   0.000000E+00   1.140830E-01   8.859170E-01   1.695646E+01
 8.716321E-01   0.000000E+00   0.000000E+00   0.000000E+00   9.764664E-02   9.023534E-01   2.022499E+01
 9.335506E-01   0.000000E+00   0.000000E+00   0.000000E+00   7.903801E-02   9.209620E-01   2.560707E+01
 r/a            s_alpha        s_alpha_i      s_alpha_e      frac_ai        frac_ae        E_alpha/E_c
                (MW/cm^3)      (MW/cm^3)      (MW/cm^3)                                    
 0.000000E+00   0.000000E+00   0.000000E+00   0.000000E+00   3.393310E-01   6.606690E-01   4.390546E+00
 6.254416E-02   0.000000E+00   0.000000E+00   0.000000E+00   3.255075E-01   6.744925E-01   4.651848E+00
 1.363218E-01   0.000000E+00   0.000000E+00   0.000000E+00   2.976081E-01   7.023919E-01   5.255534E+00
 2.245182E-01   0.000000E+00   0.000000E+00   0.000000E+00   2.670625E-01   7.329375E-01   6.065724E+00
 3.146901E-01   0.000000E+00   0.000000E+00   0.000000E+00   2.366482E-01   7.633518E-01   7.086751E+00
 4.030116E-01   0.000000E+00   0.000000E+00   0.000000E+00   2.104407E-01   7.895593E-01   8.210553E+00
 4.893995E-01   0.000000E+00   0.000000E+00   0.000000E+00   1.879696E-01   8.120304E-01   9.431159E+00
 5.733201E-01   0.000000E+00   0.000000E+00   0.000000E+00   1.675088E-01   8.324912E-01   1.083574E+01
 6.539492E-01   0.000000E+00   0.000000E+00   0.000000E+00   1.484061E-01   8.515939E-01   1.250663E+01
 7.310152E-01   0.000000E+00   0.000000E+00   0.000000E+00   1.309667E-01   8.690333E-01   1.446937E+01
 8.038158E-01   0.000000E+00   0.000000E+00   0.000000E+00   1.140777E-01   8.859223E-01   1.695737E+01
 8.716321E-01   0.000000E+00   0.000000E+00   0.000000E+00   9.764569E-02   9.023543E-01   2.022521E+01
 9.335506E-01   0.000000E+00   0.000000E+00   0.000000E+00   7.903801E-02   9.209620E-01   2.560707E+01
 r/a            s_alpha        s_alpha_i      s_alpha_e      frac_ai        frac_ae        E_alpha/E_c
                (MW/cm^3)      (MW/cm^3)      (MW/cm^3)                                    
 0.000000E+00   0.000000E+00   0.000000E+00   0.000000E+00   3.387923E-01   6.612077E-01   4.400318E+00
 6.254416E-02   0.000000E+00   0.000000E+00   0.000000E+00   3.248383E-01   6.751617E-01   4.665080E+00
 1.363218E-01   0.000000E+00   0.000000E+00   0.000000E+00   2.972327E-01   7.027673E-01   5.264453E+00
 2.245182E-01   0.000000E+00   0.000000E+00   0.000000E+00   2.671358E-01   7.328642E-01   6.063553E+00
 3.146901E-01   0.000000E+00   0.000000E+00   0.000000E+00   2.366741E-01   7.633259E-01   7.085769E+00
 4.030116E-01   0.000000E+00   0.000000E+00   0.000000E+00   2.104573E-01   7.895427E-01   8.209751E+00
 4.893995E-01   0.000000E+00   0.000000E+00   0.000000E+00   1.879850E-01   8.120150E-01   9.430221E+00
 5.733201E-01   0.000000E+00   0.000000E+00   0.000000E+00   1.675140E-01   8.324860E-01   1.083534E+01
 6.539492E-01   0.000000E+00   0.000000E+00   0.000000E+00   1.484033E-01   8.515967E-01   1.250691E+01
 7.310152E-01   0.000000E+00   0.000000E+00   0.000000E+00   1.309637E-01   8.690363E-01   1.446976E+01
 8.038158E-01   0.000000E+00   0.000000E+00   0.000000E+00   1.140735E-01   8.859265E-01   1.695808E+01
 8.716321E-01   0.000000E+00   0.000000E+00   0.000000E+00   9.764492E-02   9.023551E-01   2.022539E+01
 9.335506E-01   0.000000E+00   0.000000E+00   0.000000E+00   7.903801E-02   9.209620E-01   2.560707E+01
 r/a            s_alpha        s_alpha_i      s_alpha_e      frac_ai        frac_ae        E_alpha/E_c
                (MW/cm^3)      (MW/cm^3)      (MW/cm^3)                                    
 0.000000E+00   0.000000E+00   0.000000E+00   0.000000E+00   3.390465E-01   6.609535E-01   4.395703E+00
 6.254416E-02   0.000000E+00   0.000000E+00   0.000000E+00   3.250484E-01   6.749516E-01   4.660919E+00
 1.363218E-01   0.000000E+00   0.000000E+00   0.000000E+00   2.973337E-01   7.026663E-01   5.262051E+00
 2.245182E-01   0.000000E+00   0.000000E+00   0.000000E+00   2.671489E-01   7.328511E-01   6.063164E+00
 3.146901E-01   0.000000E+00   0.000000E+00   0.000000E+00   2.366678E-01   7.633322E-01   7.086007E+00
 4.030116E-01   0.000000E+00   0.000000E+00   0.000000E+00   2.104523E-01   7.895477E-01   8.209992E+00
 4.893995E-01   0.000000E+00   0.000000E+00   0.000000E+00   1.879849E-01   8.120151E-01   9.430224E+00
 5.733201E-01   0.000000E+00   0.000000E+00   0.000000E+00   1.675110E-01   8.324890E-01   1.083557E+01
 6.539492E-01   0.000000E+00   0.000000E+00   0.000000E+00   1.483972E-01   8.516028E-01   1.250751E+01
 7.310152E-01   0.000000E+00   0.000000E+00   0.000000E+00   1.309591E-01   8.690409E-01   1.447035E+01
 8.038158E-01   0.000000E+00   0.000000E+00   0.000000E+00   1.140689E-01   8.859311E-01   1.695886E+01
 8.716321E-01   0.000000E+00   0.000000E+00   0.000000E+00   9.764349E-02   9.023565E-01   2.022572E+01
 9.335506E-01   0.000000E+00   0.000000E+00   0.000000E+00   7.903801E-02   9.209620E-01   2.560707E+01
 r/a            s_alpha        s_alpha_i      s_alpha_e      frac_ai        frac_ae        E_alpha/E_c
                (MW/cm^3)      (MW/cm^3)      (MW/cm^3)                                    
 0.000000E+00   0.000000E+00   0.000000E+00   0.000000E+00   3.392667E-01   6.607333E-01   4.391710E+00
 6.254416E-02   0.000000E+00   0.000000E+00   0.000000E+00   3.252376E-01   6.747624E-01   4.657176E+00
 1.363218E-01   0.000000E+00   0.000000E+00   0.000000E+00   2.974303E-01   7.025697E-01   5.259756E+00
 2.245182E-01   0.000000E+00   0.000000E+00   0.000000E+00   2.671623E-01   7.328377E-01   6.062767E+00
 3.146901E-01   0.000000E+00   0.000000E+00   0.000000E+00   2.366639E-01   7.633361E-01   7.086154E+00
 4.030116E-01   0.000000E+00   0.000000E+00   0.000000E+00   2.104490E-01   7.895510E-01   8.210154E+00
 4.893995E-01   0.000000E+00   0.000000E+00   0.000000E+00   1.879855E-01   8.120145E-01   9.430187E+00
 5.733201E-01   0.000000E+00   0.000000E+00   0.000000E+00   1.675088E-01   8.324912E-01   1.083573E+01
 6.539492E-01   0.000000E+00   0.000000E+00   0.000000E+00   1.483920E-01   8.516080E-01   1.250803E+01
 7.310152E-01   0.000000E+00   0.000000E+00   0.000000E+00   1.309551E-01   8.690449E-01   1.447085E+01
 8.038158E-01   0.000000E+00   0.000000E+00   0.000000E+00   1.140650E-01   8.859350E-01   1.695952E+01
 8.716321E-01   0.000000E+00   0.000000E+00   0.000000E+00   9.764220E-02   9.023578E-01   2.022602E+01
 9.335506E-01   0.000000E+00   0.000000E+00   0.000000E+00   7.903801E-02   9.209620E-01   2.560707E+01
 r/a            s_alpha        s_alpha_i      s_alpha_e      frac_ai        frac_ae        E_alpha/E_c
                (MW/cm^3)      (MW/cm^3)      (MW/cm^3)                                    
 0.000000E+00   0.000000E+00   0.000000E+00   0.000000E+00   3.395738E-01   6.604262E-01   4.386152E+00
 6.254416E-02   0.000000E+00   0.000000E+00   0.000000E+00   3.255124E-01   6.744876E-01   4.651751E+00
 1.363218E-01   0.000000E+00   0.000000E+00   0.000000E+00   2.975749E-01   7.024251E-01   5.256324E+00
 2.245182E-01   0.000000E+00   0.000000E+00   0.000000E+00   2.671825E-01   7.328175E-01   6.062170E+00
 3.146901E-01   0.000000E+00   0.000000E+00   0.000000E+00   2.366637E-01   7.633363E-01   7.086164E+00
 4.030116E-01   0.000000E+00   0.000000E+00   0.000000E+00   2.104466E-01   7.895534E-01   8.210270E+00
 4.893995E-01   0.000000E+00   0.000000E+00   0.000000E+00   1.879859E-01   8.120141E-01   9.430162E+00
 5.733201E-01   0.000000E+00   0.000000E+00   0.000000E+00   1.675071E-01   8.324929E-01   1.083587E+01
 6.539492E-01   0.000000E+00   0.000000E+00   0.000000E+00   1.483880E-01   8.516120E-01   1.250843E+01
 7.310152E-01   0.000000E+00   0.000000E+00   0.000000E+00   1.309519E-01   8.690481E-01   1.447126E+01
 8.038158E-01   0.000000E+00   0.000000E+00   0.000000E+00   1.140618E-01   8.859382E-01   1.696007E+01
 8.716321E-01   0.000000E+00   0.000000E+00   0.000000E+00   9.764112E-02   9.023589E-01   2.022628E+01
 9.335506E-01   0.000000E+00   0.000000E+00   0.000000E+00   7.903801E-02   9.209620E-01   2.560707E+01
 r/a            s_alpha        s_alpha_i      s_alpha_e      frac_ai        frac_ae        E_alpha/E_c
                (MW/cm^3)      (MW/cm^3)      (MW/cm^3)                                    
 0.000000E+00   0.000000E+00   0.000000E+00   0.000000E+00   3.397467E-01   6.602533E-01   4.383028E+00
 6.254416E-02   0.000000E+00   0.000000E+00   0.000000E+00   3.256661E-01   6.743339E-01   4.648720E+00
 1.363218E-01   0.000000E+00   0.000000E+00   0.000000E+00   2.976592E-01   7.023408E-01   5.254323E+00
 2.245182E-01   0.000000E+00   0.000000E+00   0.000000E+00   2.671977E-01   7.328023E-01   6.061719E+00
 3.146901E-01   0.000000E+00   0.000000E+00   0.000000E+00   2.366622E-01   7.633378E-01   7.086221E+00
 4.030116E-01   0.000000E+00   0.000000E+00   0.000000E+00   2.104433E-01   7.895567E-01   8.210427E+00
 4.893995E-01   0.000000E+00   0.000000E+00   0.000000E+00   1.879853E-01   8.120147E-01   9.430200E+00
 5.733201E-01   0.000000E+00   0.000000E+00   0.000000E+00   1.675052E-01   8.324948E-01   1.083602E+01
 6.539492E-01   0.000000E+00   0.000000E+00   0.000000E+00   1.483844E-01   8.516156E-01   1.250878E+01
 7.310152E-01   0.000000E+00   0.000000E+00   0.000000E+00   1.309491E-01   8.690509E-01   1.447163E+01
 8.038158E-01   0.000000E+00   0.000000E+00   0.000000E+00   1.140590E-01   8.859410E-01   1.696054E+01
 8.716321E-01   0.000000E+00   0.000000E+00   0.000000E+00   9.764013E-02   9.023599E-01   2.022651E+01
 9.335506E-01   0.000000E+00   0.000000E+00   0.000000E+00   7.903801E-02   9.209620E-01   2.560707E+01
 r/a            s_alpha        s_alpha_i      s_alpha_e      frac_ai        frac_ae        E_alpha/E_c
                (MW/cm^3)      (MW/cm^3)      (MW/cm^3)                                    
 0.000000E+00   0.000000E+00   0.000000E+00   0.000000E+00   3.406497E-01   6.593503E-01   4.366761E+00
 6.254416E-02   0.000000E+00   0.000000E+00   0.000000E+00   3.264807E-01   6.735193E-01   4.632705E+00
 1.363218E-01   0.000000E+00   0.000000E+00   0.000000E+00   2.981205E-01   7.018795E-01   5.243398E+00
 2.245182E-01   0.000000E+00   0.000000E+00   0.000000E+00   2.672887E-01   7.327113E-01   6.059026E+00
 3.146901E-01   0.000000E+00   0.000000E+00   0.000000E+00   2.366591E-01   7.633409E-01   7.086338E+00
 4.030116E-01   0.000000E+00   0.000000E+00   0.000000E+00   2.104285E-01   7.895715E-01   8.211146E+00
 4.893995E-01   0.000000E+00   0.000000E+00   0.000000E+00   1.879816E-01   8.120184E-01   9.430423E+00
 5.733201E-01   0.000000E+00   0.000000E+00   0.000000E+00   1.674960E-01   8.325040E-01   1.083673E+01
 6.539492E-01   0.000000E+00   0.000000E+00   0.000000E+00   1.483677E-01   8.516323E-01   1.251044E+01
 7.310152E-01   0.000000E+00   0.000000E+00   0.000000E+00   1.309354E-01   8.690646E-01   1.447337E+01
 8.038158E-01   0.000000E+00   0.000000E+00   0.000000E+00   1.140455E-01   8.859545E-01   1.696283E+01
 8.716321E-01   0.000000E+00   0.000000E+00   0.000000E+00   9.763526E-02   9.023647E-01   2.022764E+01
 9.335506E-01   0.000000E+00   0.000000E+00   0.000000E+00   7.903801E-02   9.209620E-01   2.560707E+01
 r/a            s_alpha        s_alpha_i      s_alpha_e      frac_ai        frac_ae        E_alpha/E_c
                (MW/cm^3)      (MW/cm^3)      (MW/cm^3)                                    
 0.000000E+00   0.000000E+00   0.000000E+00   0.000000E+00   3.391281E-01   6.608719E-01   4.394222E+00
 6.254416E-02   0.000000E+00   0.000000E+00   0.000000E+00   3.246885E-01   6.753115E-01   4.668049E+00
 1.363218E-01   0.000000E+00   0.000000E+00   0.000000E+00   2.974510E-01   7.025490E-01   5.259264E+00
 2.245182E-01   0.000000E+00   0.000000E+00   0.000000E+00   2.677223E-01   7.322777E-01   6.046213E+00
 3.146901E-01   0.000000E+00   0.000000E+00   0.000000E+00   2.365358E-01   7.634642E-01   7.091026E+00
 4.030116E-01   0.000000E+00   0.000000E+00   0.000000E+00   2.101977E-01   7.898023E-01   8.222325E+00
 4.893995E-01   0.000000E+00   0.000000E+00   0.000000E+00   1.877310E-01   8.122690E-01   9.445730E+00
 5.733201E-01   0.000000E+00   0.000000E+00   0.000000E+00   1.673999E-01   8.326001E-01   1.084416E+01
 6.539492E-01   0.000000E+00   0.000000E+00   0.000000E+00   1.483944E-01   8.516056E-01   1.250779E+01
 7.310152E-01   0.000000E+00   0.000000E+00   0.000000E+00   1.309448E-01   8.690552E-01   1.447218E+01
 8.038158E-01   0.000000E+00   0.000000E+00   0.000000E+00   1.140477E-01   8.859523E-01   1.696246E+01
 8.716321E-01   0.000000E+00   0.000000E+00   0.000000E+00   9.763827E-02   9.023617E-01   2.022694E+01
 9.335506E-01   0.000000E+00   0.000000E+00   0.000000E+00   7.903801E-02   9.209620E-01   2.560707E+01
 r/a            s_alpha        s_alpha_i      s_alpha_e      frac_ai        frac_ae        E_alpha/E_c
                (MW/cm^3)      (MW/cm^3)      (MW/cm^3)                                    
 0.000000E+00   0.000000E+00   0.000000E+00   0.000000E+00   3.390187E-01   6.609813E-01   4.396207E+00
 6.254416E-02   0.000000E+00   0.000000E+00   0.000000E+00   3.247006E-01   6.752994E-01   4.667809E+00
 1.363218E-01   0.000000E+00   0.000000E+00   0.000000E+00   2.975482E-01   7.024518E-01   5.256956E+00
 2.245182E-01   0.000000E+00   0.000000E+00   0.000000E+00   2.677241E-01   7.322759E-01   6.046161E+00
 3.146901E-01   0.000000E+00   0.000000E+00   0.000000E+00   2.364990E-01   7.635010E-01   7.092425E+00
 4.030116E-01   0.000000E+00   0.000000E+00   0.000000E+00   2.101600E-01   7.898400E-01   8.224152E+00
 4.893995E-01   0.000000E+00   0.000000E+00   0.000000E+00   1.876947E-01   8.123053E-01   9.447946E+00
 5.733201E-01   0.000000E+00   0.000000E+00   0.000000E+00   1.673823E-01   8.326177E-01   1.084552E+01
 6.539492E-01   0.000000E+00   0.000000E+00   0.000000E+00   1.483931E-01   8.516069E-01   1.250792E+01
 7.310152E-01   0.000000E+00   0.000000E+00   0.000000E+00   1.309443E-01   8.690557E-01   1.447224E+01
 8.038158E-01   0.000000E+00   0.000000E+00   0.000000E+00   1.140475E-01   8.859525E-01   1.696250E+01
 8.716321E-01   0.000000E+00   0.000000E+00   0.000000E+00   9.763815E-02   9.023619E-01   2.022697E+01
 9.335506E-01   0.000000E+00   0.000000E+00   0.000000E+00   7.903801E-02   9.209620E-01   2.560707E+01
