 r/a            s_alpha        s_alpha_i      s_alpha_e      frac_ai        frac_ae        E_alpha/E_c
                (MW/cm^3)      (MW/cm^3)      (MW/cm^3)                                    
 0.000000E+00   0.000000E+00   0.000000E+00   0.000000E+00   2.914202E-01   7.085798E-01   5.405564E+00
 7.108258E-02   0.000000E+00   0.000000E+00   0.000000E+00   2.893422E-01   7.106578E-01   5.457428E+00
 1.513097E-01   0.000000E+00   0.000000E+00   0.000000E+00   2.866764E-01   7.133236E-01   5.525095E+00
 2.349214E-01   0.000000E+00   0.000000E+00   0.000000E+00   2.765624E-01   7.234376E-01   5.794029E+00
 3.234501E-01   0.000000E+00   0.000000E+00   0.000000E+00   2.482062E-01   7.517938E-01   6.668449E+00
 4.111218E-01   0.000000E+00   0.000000E+00   0.000000E+00   2.173259E-01   7.826741E-01   7.888339E+00
 4.968197E-01   0.000000E+00   0.000000E+00   0.000000E+00   1.914721E-01   8.085279E-01   9.221552E+00
 5.797835E-01   0.000000E+00   0.000000E+00   0.000000E+00   1.683110E-01   8.316890E-01   1.077407E+01
 6.592674E-01   0.000000E+00   0.000000E+00   0.000000E+00   1.479747E-01   8.520253E-01   1.254947E+01
 7.349709E-01   0.000000E+00   0.000000E+00   0.000000E+00   1.290776E-01   8.709224E-01   1.471461E+01
 8.063540E-01   0.000000E+00   0.000000E+00   0.000000E+00   1.116756E-01   8.883244E-01   1.737381E+01
 8.728663E-01   0.000000E+00   0.000000E+00   0.000000E+00   9.392108E-02   9.060789E-01   2.112851E+01
 9.335175E-01   0.000000E+00   0.000000E+00   0.000000E+00   7.903608E-02   9.209639E-01   2.560776E+01
 r/a            s_alpha        s_alpha_i      s_alpha_e      frac_ai        frac_ae        E_alpha/E_c
                (MW/cm^3)      (MW/cm^3)      (MW/cm^3)                                    
 0.000000E+00   0.000000E+00   0.000000E+00   0.000000E+00   2.861825E-01   7.138175E-01   5.537773E+00
 7.108258E-02   0.000000E+00   0.000000E+00   0.000000E+00   2.855868E-01   7.144132E-01   5.553127E+00
 1.513097E-01   0.000000E+00   0.000000E+00   0.000000E+00   2.848625E-01   7.151375E-01   5.571882E+00
 2.349214E-01   0.000000E+00   0.000000E+00   0.000000E+00   2.751901E-01   7.248099E-01   5.832086E+00
 3.234501E-01   0.000000E+00   0.000000E+00   0.000000E+00   2.471090E-01   7.528910E-01   6.706429E+00
 4.111218E-01   0.000000E+00   0.000000E+00   0.000000E+00   2.164402E-01   7.835598E-01   7.928608E+00
 4.968197E-01   0.000000E+00   0.000000E+00   0.000000E+00   1.907475E-01   8.092525E-01   9.264265E+00
 5.797835E-01   0.000000E+00   0.000000E+00   0.000000E+00   1.677107E-01   8.322893E-01   1.082016E+01
 6.592674E-01   0.000000E+00   0.000000E+00   0.000000E+00   1.474766E-01   8.525234E-01   1.259926E+01
 7.349709E-01   0.000000E+00   0.000000E+00   0.000000E+00   1.286632E-01   8.713368E-01   1.476940E+01
 8.063540E-01   0.000000E+00   0.000000E+00   0.000000E+00   1.113279E-01   8.886721E-01   1.743562E+01
 8.728663E-01   0.000000E+00   0.000000E+00   0.000000E+00   9.367737E-02   9.063226E-01   2.119017E+01
 9.335175E-01   0.000000E+00   0.000000E+00   0.000000E+00   7.903608E-02   9.209639E-01   2.560776E+01
 r/a            s_alpha        s_alpha_i      s_alpha_e      frac_ai        frac_ae        E_alpha/E_c
                (MW/cm^3)      (MW/cm^3)      (MW/cm^3)                                    
 0.000000E+00   0.000000E+00   0.000000E+00   0.000000E+00   2.998045E-01   7.001955E-01   5.203812E+00
 7.108258E-02   0.000000E+00   0.000000E+00   0.000000E+00   2.950054E-01   7.049946E-01   5.317850E+00
 1.513097E-01   0.000000E+00   0.000000E+00   0.000000E+00   2.882664E-01   7.117336E-01   5.484581E+00
 2.349214E-01   0.000000E+00   0.000000E+00   0.000000E+00   2.766875E-01   7.233125E-01   5.790579E+00
 3.234501E-01   0.000000E+00   0.000000E+00   0.000000E+00   2.480601E-01   7.519399E-01   6.673484E+00
 4.111218E-01   0.000000E+00   0.000000E+00   0.000000E+00   2.171482E-01   7.828518E-01   7.896393E+00
 4.968197E-01   0.000000E+00   0.000000E+00   0.000000E+00   1.910600E-01   8.089400E-01   9.245804E+00
 5.797835E-01   0.000000E+00   0.000000E+00   0.000000E+00   1.677770E-01   8.322230E-01   1.081505E+01
 6.592674E-01   0.000000E+00   0.000000E+00   0.000000E+00   1.473815E-01   8.526185E-01   1.260880E+01
 7.349709E-01   0.000000E+00   0.000000E+00   0.000000E+00   1.284265E-01   8.715735E-01   1.480085E+01
 8.063540E-01   0.000000E+00   0.000000E+00   0.000000E+00   1.109482E-01   8.890518E-01   1.750356E+01
 8.728663E-01   0.000000E+00   0.000000E+00   0.000000E+00   9.371247E-02   9.062875E-01   2.118127E+01
 9.335175E-01   0.000000E+00   0.000000E+00   0.000000E+00   7.903608E-02   9.209639E-01   2.560776E+01
 r/a            s_alpha        s_alpha_i      s_alpha_e      frac_ai        frac_ae        E_alpha/E_c
                (MW/cm^3)      (MW/cm^3)      (MW/cm^3)                                    
 0.000000E+00   0.000000E+00   0.000000E+00   0.000000E+00   3.011250E-01   6.988750E-01   5.173091E+00
 7.108258E-02   0.000000E+00   0.000000E+00   0.000000E+00   2.958956E-01   7.041044E-01   5.296409E+00
 1.513097E-01   0.000000E+00   0.000000E+00   0.000000E+00   2.893383E-01   7.106617E-01   5.457526E+00
 2.349214E-01   0.000000E+00   0.000000E+00   0.000000E+00   2.778553E-01   7.221447E-01   5.758528E+00
 3.234501E-01   0.000000E+00   0.000000E+00   0.000000E+00   2.489299E-01   7.510701E-01   6.643583E+00
 4.111218E-01   0.000000E+00   0.000000E+00   0.000000E+00   2.182247E-01   7.817753E-01   7.847817E+00
 4.968197E-01   0.000000E+00   0.000000E+00   0.000000E+00   1.921934E-01   8.078066E-01   9.179355E+00
 5.797835E-01   0.000000E+00   0.000000E+00   0.000000E+00   1.689404E-01   8.310596E-01   1.072610E+01
 6.592674E-01   0.000000E+00   0.000000E+00   0.000000E+00   1.484534E-01   8.515466E-01   1.250195E+01
 7.349709E-01   0.000000E+00   0.000000E+00   0.000000E+00   1.293729E-01   8.706271E-01   1.467580E+01
 8.063540E-01   0.000000E+00   0.000000E+00   0.000000E+00   1.117527E-01   8.882473E-01   1.736016E+01
 8.728663E-01   0.000000E+00   0.000000E+00   0.000000E+00   9.445278E-02   9.055472E-01   2.099511E+01
 9.335175E-01   0.000000E+00   0.000000E+00   0.000000E+00   7.903608E-02   9.209639E-01   2.560776E+01
 r/a            s_alpha        s_alpha_i      s_alpha_e      frac_ai        frac_ae        E_alpha/E_c
                (MW/cm^3)      (MW/cm^3)      (MW/cm^3)                                    
 0.000000E+00   0.000000E+00   0.000000E+00   0.000000E+00   3.055101E-01   6.944899E-01   5.073028E+00
 7.108258E-02   0.000000E+00   0.000000E+00   0.000000E+00   3.001406E-01   6.998594E-01   5.195966E+00
 1.513097E-01   0.000000E+00   0.000000E+00   0.000000E+00   2.917160E-01   7.082840E-01   5.398244E+00
 2.349214E-01   0.000000E+00   0.000000E+00   0.000000E+00   2.778150E-01   7.221850E-01   5.759628E+00
 3.234501E-01   0.000000E+00   0.000000E+00   0.000000E+00   2.487453E-01   7.512547E-01   6.649912E+00
 4.111218E-01   0.000000E+00   0.000000E+00   0.000000E+00   2.184079E-01   7.815921E-01   7.839600E+00
 4.968197E-01   0.000000E+00   0.000000E+00   0.000000E+00   1.923698E-01   8.076302E-01   9.169089E+00
 5.797835E-01   0.000000E+00   0.000000E+00   0.000000E+00   1.691363E-01   8.308637E-01   1.071124E+01
 6.592674E-01   0.000000E+00   0.000000E+00   0.000000E+00   1.485640E-01   8.514360E-01   1.249102E+01
 7.349709E-01   0.000000E+00   0.000000E+00   0.000000E+00   1.294348E-01   8.705652E-01   1.466768E+01
 8.063540E-01   0.000000E+00   0.000000E+00   0.000000E+00   1.117113E-01   8.882887E-01   1.736749E+01
 8.728663E-01   0.000000E+00   0.000000E+00   0.000000E+00   9.506309E-02   9.049369E-01   2.084387E+01
 9.335175E-01   0.000000E+00   0.000000E+00   0.000000E+00   7.903608E-02   9.209639E-01   2.560776E+01
 r/a            s_alpha        s_alpha_i      s_alpha_e      frac_ai        frac_ae        E_alpha/E_c
                (MW/cm^3)      (MW/cm^3)      (MW/cm^3)                                    
 0.000000E+00   0.000000E+00   0.000000E+00   0.000000E+00   3.120403E-01   6.879597E-01   4.929379E+00
 7.108258E-02   0.000000E+00   0.000000E+00   0.000000E+00   3.062048E-01   6.937952E-01   5.057448E+00
 1.513097E-01   0.000000E+00   0.000000E+00   0.000000E+00   2.958032E-01   7.041968E-01   5.298629E+00
 2.349214E-01   0.000000E+00   0.000000E+00   0.000000E+00   2.793802E-01   7.206198E-01   5.717092E+00
 3.234501E-01   0.000000E+00   0.000000E+00   0.000000E+00   2.497438E-01   7.502562E-01   6.615795E+00
 4.111218E-01   0.000000E+00   0.000000E+00   0.000000E+00   2.197579E-01   7.802421E-01   7.779478E+00
 4.968197E-01   0.000000E+00   0.000000E+00   0.000000E+00   1.937417E-01   8.062583E-01   9.089878E+00
 5.797835E-01   0.000000E+00   0.000000E+00   0.000000E+00   1.705200E-01   8.294800E-01   1.060732E+01
 6.592674E-01   0.000000E+00   0.000000E+00   0.000000E+00   1.498506E-01   8.501494E-01   1.236501E+01
 7.349709E-01   0.000000E+00   0.000000E+00   0.000000E+00   1.306400E-01   8.693600E-01   1.451127E+01
 8.063540E-01   0.000000E+00   0.000000E+00   0.000000E+00   1.128286E-01   8.871714E-01   1.717166E+01
 8.728663E-01   0.000000E+00   0.000000E+00   0.000000E+00   9.614370E-02   9.038563E-01   2.058088E+01
 9.335175E-01   0.000000E+00   0.000000E+00   0.000000E+00   7.903608E-02   9.209639E-01   2.560776E+01
 r/a            s_alpha        s_alpha_i      s_alpha_e      frac_ai        frac_ae        E_alpha/E_c
                (MW/cm^3)      (MW/cm^3)      (MW/cm^3)                                    
 0.000000E+00   0.000000E+00   0.000000E+00   0.000000E+00   3.246534E-01   6.753466E-01   4.668745E+00
 7.108258E-02   0.000000E+00   0.000000E+00   0.000000E+00   3.180763E-01   6.819237E-01   4.801997E+00
 1.513097E-01   0.000000E+00   0.000000E+00   0.000000E+00   3.022161E-01   6.977839E-01   5.147913E+00
 2.349214E-01   0.000000E+00   0.000000E+00   0.000000E+00   2.803967E-01   7.196033E-01   5.689726E+00
 3.234501E-01   0.000000E+00   0.000000E+00   0.000000E+00   2.507045E-01   7.492955E-01   6.583233E+00
 4.111218E-01   0.000000E+00   0.000000E+00   0.000000E+00   2.211581E-01   7.788419E-01   7.717921E+00
 4.968197E-01   0.000000E+00   0.000000E+00   0.000000E+00   1.950897E-01   8.049103E-01   9.013157E+00
 5.797835E-01   0.000000E+00   0.000000E+00   0.000000E+00   1.718961E-01   8.281039E-01   1.050566E+01
 6.592674E-01   0.000000E+00   0.000000E+00   0.000000E+00   1.511488E-01   8.488512E-01   1.224010E+01
 7.349709E-01   0.000000E+00   0.000000E+00   0.000000E+00   1.318913E-01   8.681087E-01   1.435196E+01
 8.063540E-01   0.000000E+00   0.000000E+00   0.000000E+00   1.140234E-01   8.859766E-01   1.696658E+01
 8.728663E-01   0.000000E+00   0.000000E+00   0.000000E+00   9.726366E-02   9.027363E-01   2.031461E+01
 9.335175E-01   0.000000E+00   0.000000E+00   0.000000E+00   7.903608E-02   9.209639E-01   2.560776E+01
 r/a            s_alpha        s_alpha_i      s_alpha_e      frac_ai        frac_ae        E_alpha/E_c
                (MW/cm^3)      (MW/cm^3)      (MW/cm^3)                                    
 0.000000E+00   0.000000E+00   0.000000E+00   0.000000E+00   3.381457E-01   6.618543E-01   4.412089E+00
 7.108258E-02   0.000000E+00   0.000000E+00   0.000000E+00   3.282214E-01   6.717786E-01   4.598757E+00
 1.513097E-01   0.000000E+00   0.000000E+00   0.000000E+00   3.071812E-01   6.928188E-01   5.035669E+00
 2.349214E-01   0.000000E+00   0.000000E+00   0.000000E+00   2.819162E-01   7.180838E-01   5.649197E+00
 3.234501E-01   0.000000E+00   0.000000E+00   0.000000E+00   2.512943E-01   7.487057E-01   6.563370E+00
 4.111218E-01   0.000000E+00   0.000000E+00   0.000000E+00   2.225133E-01   7.774867E-01   7.659097E+00
 4.968197E-01   0.000000E+00   0.000000E+00   0.000000E+00   1.964620E-01   8.035380E-01   8.936164E+00
 5.797835E-01   0.000000E+00   0.000000E+00   0.000000E+00   1.733154E-01   8.266846E-01   1.040255E+01
 6.592674E-01   0.000000E+00   0.000000E+00   0.000000E+00   1.523684E-01   8.476316E-01   1.212475E+01
 7.349709E-01   0.000000E+00   0.000000E+00   0.000000E+00   1.329785E-01   8.670215E-01   1.421605E+01
 8.063540E-01   0.000000E+00   0.000000E+00   0.000000E+00   1.149269E-01   8.850731E-01   1.681439E+01
 8.728663E-01   0.000000E+00   0.000000E+00   0.000000E+00   9.809497E-02   9.019050E-01   2.012098E+01
 9.335175E-01   0.000000E+00   0.000000E+00   0.000000E+00   7.903608E-02   9.209639E-01   2.560776E+01
 r/a            s_alpha        s_alpha_i      s_alpha_e      frac_ai        frac_ae        E_alpha/E_c
                (MW/cm^3)      (MW/cm^3)      (MW/cm^3)                                    
 0.000000E+00   0.000000E+00   0.000000E+00   0.000000E+00   3.389013E-01   6.610987E-01   4.398338E+00
 7.108258E-02   0.000000E+00   0.000000E+00   0.000000E+00   3.290457E-01   6.709543E-01   4.582811E+00
 1.513097E-01   0.000000E+00   0.000000E+00   0.000000E+00   3.083013E-01   6.916987E-01   5.010863E+00
 2.349214E-01   0.000000E+00   0.000000E+00   0.000000E+00   2.816341E-01   7.183659E-01   5.656687E+00
 3.234501E-01   0.000000E+00   0.000000E+00   0.000000E+00   2.501913E-01   7.498087E-01   6.600597E+00
 4.111218E-01   0.000000E+00   0.000000E+00   0.000000E+00   2.221617E-01   7.778383E-01   7.674286E+00
 4.968197E-01   0.000000E+00   0.000000E+00   0.000000E+00   1.963773E-01   8.036227E-01   8.940886E+00
 5.797835E-01   0.000000E+00   0.000000E+00   0.000000E+00   1.733978E-01   8.266022E-01   1.039662E+01
 6.592674E-01   0.000000E+00   0.000000E+00   0.000000E+00   1.524449E-01   8.475551E-01   1.211757E+01
 7.349709E-01   0.000000E+00   0.000000E+00   0.000000E+00   1.332504E-01   8.667496E-01   1.418241E+01
 8.063540E-01   0.000000E+00   0.000000E+00   0.000000E+00   1.153640E-01   8.846360E-01   1.674166E+01
 8.728663E-01   0.000000E+00   0.000000E+00   0.000000E+00   9.861717E-02   9.013828E-01   2.000105E+01
 9.335175E-01   0.000000E+00   0.000000E+00   0.000000E+00   7.903608E-02   9.209639E-01   2.560776E+01
 r/a            s_alpha        s_alpha_i      s_alpha_e      frac_ai        frac_ae        E_alpha/E_c
                (MW/cm^3)      (MW/cm^3)      (MW/cm^3)                                    
 0.000000E+00   0.000000E+00   0.000000E+00   0.000000E+00   3.390807E-01   6.609193E-01   4.395083E+00
 7.108258E-02   0.000000E+00   0.000000E+00   0.000000E+00   3.286980E-01   6.713020E-01   4.589528E+00
 1.513097E-01   0.000000E+00   0.000000E+00   0.000000E+00   3.072722E-01   6.927278E-01   5.033647E+00
 2.349214E-01   0.000000E+00   0.000000E+00   0.000000E+00   2.810878E-01   7.189122E-01   5.671238E+00
 3.234501E-01   0.000000E+00   0.000000E+00   0.000000E+00   2.502530E-01   7.497470E-01   6.598506E+00
 4.111218E-01   0.000000E+00   0.000000E+00   0.000000E+00   2.222331E-01   7.777669E-01   7.671196E+00
 4.968197E-01   0.000000E+00   0.000000E+00   0.000000E+00   1.965483E-01   8.034517E-01   8.931360E+00
 5.797835E-01   0.000000E+00   0.000000E+00   0.000000E+00   1.736679E-01   8.263321E-01   1.037721E+01
 6.592674E-01   0.000000E+00   0.000000E+00   0.000000E+00   1.527176E-01   8.472824E-01   1.209206E+01
 7.349709E-01   0.000000E+00   0.000000E+00   0.000000E+00   1.333985E-01   8.666015E-01   1.416414E+01
 8.063540E-01   0.000000E+00   0.000000E+00   0.000000E+00   1.153975E-01   8.846025E-01   1.673610E+01
 8.728663E-01   0.000000E+00   0.000000E+00   0.000000E+00   9.865995E-02   9.013401E-01   1.999129E+01
 9.335175E-01   0.000000E+00   0.000000E+00   0.000000E+00   7.903608E-02   9.209639E-01   2.560776E+01
 r/a            s_alpha        s_alpha_i      s_alpha_e      frac_ai        frac_ae        E_alpha/E_c
                (MW/cm^3)      (MW/cm^3)      (MW/cm^3)                                    
 0.000000E+00   0.000000E+00   0.000000E+00   0.000000E+00   3.380878E-01   6.619122E-01   4.413145E+00
 7.108258E-02   0.000000E+00   0.000000E+00   0.000000E+00   3.280123E-01   6.719877E-01   4.602815E+00
 1.513097E-01   0.000000E+00   0.000000E+00   0.000000E+00   3.070069E-01   6.929931E-01   5.039547E+00
 2.349214E-01   0.000000E+00   0.000000E+00   0.000000E+00   2.805934E-01   7.194066E-01   5.684453E+00
 3.234501E-01   0.000000E+00   0.000000E+00   0.000000E+00   2.496307E-01   7.503693E-01   6.619644E+00
 4.111218E-01   0.000000E+00   0.000000E+00   0.000000E+00   2.217889E-01   7.782111E-01   7.690447E+00
 4.968197E-01   0.000000E+00   0.000000E+00   0.000000E+00   1.961992E-01   8.038008E-01   8.950822E+00
 5.797835E-01   0.000000E+00   0.000000E+00   0.000000E+00   1.735375E-01   8.264625E-01   1.038657E+01
 6.592674E-01   0.000000E+00   0.000000E+00   0.000000E+00   1.527197E-01   8.472803E-01   1.209186E+01
 7.349709E-01   0.000000E+00   0.000000E+00   0.000000E+00   1.334050E-01   8.665950E-01   1.416334E+01
 8.063540E-01   0.000000E+00   0.000000E+00   0.000000E+00   1.154019E-01   8.845981E-01   1.673536E+01
 8.728663E-01   0.000000E+00   0.000000E+00   0.000000E+00   9.866760E-02   9.013324E-01   1.998954E+01
 9.335175E-01   0.000000E+00   0.000000E+00   0.000000E+00   7.903608E-02   9.209639E-01   2.560776E+01
 r/a            s_alpha        s_alpha_i      s_alpha_e      frac_ai        frac_ae        E_alpha/E_c
                (MW/cm^3)      (MW/cm^3)      (MW/cm^3)                                    
 0.000000E+00   0.000000E+00   0.000000E+00   0.000000E+00   3.403092E-01   6.596908E-01   4.372885E+00
 7.108258E-02   0.000000E+00   0.000000E+00   0.000000E+00   3.302630E-01   6.697370E-01   4.559411E+00
 1.513097E-01   0.000000E+00   0.000000E+00   0.000000E+00   3.092257E-01   6.907743E-01   4.990528E+00
 2.349214E-01   0.000000E+00   0.000000E+00   0.000000E+00   2.817464E-01   7.182536E-01   5.653705E+00
 3.234501E-01   0.000000E+00   0.000000E+00   0.000000E+00   2.497872E-01   7.502128E-01   6.614317E+00
 4.111218E-01   0.000000E+00   0.000000E+00   0.000000E+00   2.219181E-01   7.780819E-01   7.684840E+00
 4.968197E-01   0.000000E+00   0.000000E+00   0.000000E+00   1.963020E-01   8.036980E-01   8.945087E+00
 5.797835E-01   0.000000E+00   0.000000E+00   0.000000E+00   1.735725E-01   8.264275E-01   1.038406E+01
 6.592674E-01   0.000000E+00   0.000000E+00   0.000000E+00   1.527139E-01   8.472861E-01   1.209241E+01
 7.349709E-01   0.000000E+00   0.000000E+00   0.000000E+00   1.334023E-01   8.665977E-01   1.416367E+01
 8.063540E-01   0.000000E+00   0.000000E+00   0.000000E+00   1.154009E-01   8.845991E-01   1.673553E+01
 8.728663E-01   0.000000E+00   0.000000E+00   0.000000E+00   9.866826E-02   9.013317E-01   1.998939E+01
 9.335175E-01   0.000000E+00   0.000000E+00   0.000000E+00   7.903608E-02   9.209639E-01   2.560776E+01
 r/a            s_alpha        s_alpha_i      s_alpha_e      frac_ai        frac_ae        E_alpha/E_c
                (MW/cm^3)      (MW/cm^3)      (MW/cm^3)                                    
 0.000000E+00   0.000000E+00   0.000000E+00   0.000000E+00   3.385859E-01   6.614141E-01   4.404070E+00
 7.108258E-02   0.000000E+00   0.000000E+00   0.000000E+00   3.283703E-01   6.716297E-01   4.595870E+00
 1.513097E-01   0.000000E+00   0.000000E+00   0.000000E+00   3.069568E-01   6.930432E-01   5.040661E+00
 2.349214E-01   0.000000E+00   0.000000E+00   0.000000E+00   2.807089E-01   7.192911E-01   5.681361E+00
 3.234501E-01   0.000000E+00   0.000000E+00   0.000000E+00   2.500524E-01   7.499476E-01   6.605308E+00
 4.111218E-01   0.000000E+00   0.000000E+00   0.000000E+00   2.220696E-01   7.779304E-01   7.678272E+00
 4.968197E-01   0.000000E+00   0.000000E+00   0.000000E+00   1.963757E-01   8.036243E-01   8.940974E+00
 5.797835E-01   0.000000E+00   0.000000E+00   0.000000E+00   1.736011E-01   8.263989E-01   1.038200E+01
 6.592674E-01   0.000000E+00   0.000000E+00   0.000000E+00   1.527332E-01   8.472668E-01   1.209060E+01
 7.349709E-01   0.000000E+00   0.000000E+00   0.000000E+00   1.334168E-01   8.665832E-01   1.416189E+01
 8.063540E-01   0.000000E+00   0.000000E+00   0.000000E+00   1.154109E-01   8.845891E-01   1.673388E+01
 8.728663E-01   0.000000E+00   0.000000E+00   0.000000E+00   9.867367E-02   9.013263E-01   1.998815E+01
 9.335175E-01   0.000000E+00   0.000000E+00   0.000000E+00   7.903608E-02   9.209639E-01   2.560776E+01
 r/a            s_alpha        s_alpha_i      s_alpha_e      frac_ai        frac_ae        E_alpha/E_c
                (MW/cm^3)      (MW/cm^3)      (MW/cm^3)                                    
 0.000000E+00   0.000000E+00   0.000000E+00   0.000000E+00   3.394284E-01   6.605716E-01   4.388782E+00
 7.108258E-02   0.000000E+00   0.000000E+00   0.000000E+00   3.292355E-01   6.707645E-01   4.579151E+00
 1.513097E-01   0.000000E+00   0.000000E+00   0.000000E+00   3.078727E-01   6.921273E-01   5.020332E+00
 2.349214E-01   0.000000E+00   0.000000E+00   0.000000E+00   2.811390E-01   7.188610E-01   5.669871E+00
 3.234501E-01   0.000000E+00   0.000000E+00   0.000000E+00   2.500026E-01   7.499974E-01   6.607000E+00
 4.111218E-01   0.000000E+00   0.000000E+00   0.000000E+00   2.220454E-01   7.779546E-01   7.679322E+00
 4.968197E-01   0.000000E+00   0.000000E+00   0.000000E+00   1.963672E-01   8.036328E-01   8.941448E+00
 5.797835E-01   0.000000E+00   0.000000E+00   0.000000E+00   1.735984E-01   8.264016E-01   1.038219E+01
 6.592674E-01   0.000000E+00   0.000000E+00   0.000000E+00   1.527296E-01   8.472704E-01   1.209094E+01
 7.349709E-01   0.000000E+00   0.000000E+00   0.000000E+00   1.334141E-01   8.665859E-01   1.416222E+01
 8.063540E-01   0.000000E+00   0.000000E+00   0.000000E+00   1.154090E-01   8.845910E-01   1.673418E+01
 8.728663E-01   0.000000E+00   0.000000E+00   0.000000E+00   9.867273E-02   9.013273E-01   1.998837E+01
 9.335175E-01   0.000000E+00   0.000000E+00   0.000000E+00   7.903608E-02   9.209639E-01   2.560776E+01
 r/a            s_alpha        s_alpha_i      s_alpha_e      frac_ai        frac_ae        E_alpha/E_c
                (MW/cm^3)      (MW/cm^3)      (MW/cm^3)                                    
 0.000000E+00   0.000000E+00   0.000000E+00   0.000000E+00   3.385947E-01   6.614053E-01   4.403910E+00
 7.108258E-02   0.000000E+00   0.000000E+00   0.000000E+00   3.283197E-01   6.716803E-01   4.596851E+00
 1.513097E-01   0.000000E+00   0.000000E+00   0.000000E+00   3.067460E-01   6.932540E-01   5.045359E+00
 2.349214E-01   0.000000E+00   0.000000E+00   0.000000E+00   2.807230E-01   7.192770E-01   5.680985E+00
 3.234501E-01   0.000000E+00   0.000000E+00   0.000000E+00   2.503005E-01   7.496995E-01   6.596896E+00
 4.111218E-01   0.000000E+00   0.000000E+00   0.000000E+00   2.222346E-01   7.777654E-01   7.671131E+00
 4.968197E-01   0.000000E+00   0.000000E+00   0.000000E+00   1.965204E-01   8.034796E-01   8.932914E+00
 5.797835E-01   0.000000E+00   0.000000E+00   0.000000E+00   1.736678E-01   8.263322E-01   1.037722E+01
 6.592674E-01   0.000000E+00   0.000000E+00   0.000000E+00   1.527417E-01   8.472583E-01   1.208981E+01
 7.349709E-01   0.000000E+00   0.000000E+00   0.000000E+00   1.334245E-01   8.665755E-01   1.416094E+01
 8.063540E-01   0.000000E+00   0.000000E+00   0.000000E+00   1.154163E-01   8.845837E-01   1.673298E+01
 8.728663E-01   0.000000E+00   0.000000E+00   0.000000E+00   9.867759E-02   9.013224E-01   1.998726E+01
 9.335175E-01   0.000000E+00   0.000000E+00   0.000000E+00   7.903608E-02   9.209639E-01   2.560776E+01
 r/a            s_alpha        s_alpha_i      s_alpha_e      frac_ai        frac_ae        E_alpha/E_c
                (MW/cm^3)      (MW/cm^3)      (MW/cm^3)                                    
 0.000000E+00   0.000000E+00   0.000000E+00   0.000000E+00   3.393798E-01   6.606202E-01   4.389663E+00
 7.108258E-02   0.000000E+00   0.000000E+00   0.000000E+00   3.292136E-01   6.707864E-01   4.579573E+00
 1.513097E-01   0.000000E+00   0.000000E+00   0.000000E+00   3.079245E-01   6.920755E-01   5.019186E+00
 2.349214E-01   0.000000E+00   0.000000E+00   0.000000E+00   2.812315E-01   7.187685E-01   5.667404E+00
 3.234501E-01   0.000000E+00   0.000000E+00   0.000000E+00   2.500490E-01   7.499510E-01   6.605424E+00
 4.111218E-01   0.000000E+00   0.000000E+00   0.000000E+00   2.220608E-01   7.779392E-01   7.678655E+00
 4.968197E-01   0.000000E+00   0.000000E+00   0.000000E+00   1.964003E-01   8.035997E-01   8.939605E+00
 5.797835E-01   0.000000E+00   0.000000E+00   0.000000E+00   1.736182E-01   8.263818E-01   1.038078E+01
 6.592674E-01   0.000000E+00   0.000000E+00   0.000000E+00   1.527324E-01   8.472676E-01   1.209068E+01
 7.349709E-01   0.000000E+00   0.000000E+00   0.000000E+00   1.334172E-01   8.665828E-01   1.416183E+01
 8.063540E-01   0.000000E+00   0.000000E+00   0.000000E+00   1.154113E-01   8.845887E-01   1.673380E+01
 8.728663E-01   0.000000E+00   0.000000E+00   0.000000E+00   9.867512E-02   9.013249E-01   1.998782E+01
 9.335175E-01   0.000000E+00   0.000000E+00   0.000000E+00   7.903608E-02   9.209639E-01   2.560776E+01
 r/a            s_alpha        s_alpha_i      s_alpha_e      frac_ai        frac_ae        E_alpha/E_c
                (MW/cm^3)      (MW/cm^3)      (MW/cm^3)                                    
 0.000000E+00   0.000000E+00   0.000000E+00   0.000000E+00   3.398671E-01   6.601329E-01   4.380853E+00
 7.108258E-02   0.000000E+00   0.000000E+00   0.000000E+00   3.297888E-01   6.702112E-01   4.568507E+00
 1.513097E-01   0.000000E+00   0.000000E+00   0.000000E+00   3.086479E-01   6.913521E-01   5.003224E+00
 2.349214E-01   0.000000E+00   0.000000E+00   0.000000E+00   2.815740E-01   7.184260E-01   5.658287E+00
 3.234501E-01   0.000000E+00   0.000000E+00   0.000000E+00   2.500088E-01   7.499912E-01   6.606787E+00
 4.111218E-01   0.000000E+00   0.000000E+00   0.000000E+00   2.220676E-01   7.779324E-01   7.678359E+00
 4.968197E-01   0.000000E+00   0.000000E+00   0.000000E+00   1.964245E-01   8.035755E-01   8.938257E+00
 5.797835E-01   0.000000E+00   0.000000E+00   0.000000E+00   1.736272E-01   8.263728E-01   1.038013E+01
 6.592674E-01   0.000000E+00   0.000000E+00   0.000000E+00   1.527245E-01   8.472755E-01   1.209142E+01
 7.349709E-01   0.000000E+00   0.000000E+00   0.000000E+00   1.334118E-01   8.665882E-01   1.416250E+01
 8.063540E-01   0.000000E+00   0.000000E+00   0.000000E+00   1.154076E-01   8.845924E-01   1.673442E+01
 8.728663E-01   0.000000E+00   0.000000E+00   0.000000E+00   9.867306E-02   9.013269E-01   1.998829E+01
 9.335175E-01   0.000000E+00   0.000000E+00   0.000000E+00   7.903608E-02   9.209639E-01   2.560776E+01
 r/a            s_alpha        s_alpha_i      s_alpha_e      frac_ai        frac_ae        E_alpha/E_c
                (MW/cm^3)      (MW/cm^3)      (MW/cm^3)                                    
 0.000000E+00   0.000000E+00   0.000000E+00   0.000000E+00   3.397501E-01   6.602499E-01   4.382966E+00
 7.108258E-02   0.000000E+00   0.000000E+00   0.000000E+00   3.296823E-01   6.703177E-01   4.570552E+00
 1.513097E-01   0.000000E+00   0.000000E+00   0.000000E+00   3.086040E-01   6.913960E-01   5.004191E+00
 2.349214E-01   0.000000E+00   0.000000E+00   0.000000E+00   2.815341E-01   7.184659E-01   5.659348E+00
 3.234501E-01   0.000000E+00   0.000000E+00   0.000000E+00   2.499441E-01   7.500559E-01   6.608984E+00
 4.111218E-01   0.000000E+00   0.000000E+00   0.000000E+00   2.220260E-01   7.779740E-01   7.680163E+00
 4.968197E-01   0.000000E+00   0.000000E+00   0.000000E+00   1.963800E-01   8.036200E-01   8.940734E+00
 5.797835E-01   0.000000E+00   0.000000E+00   0.000000E+00   1.736031E-01   8.263969E-01   1.038186E+01
 6.592674E-01   0.000000E+00   0.000000E+00   0.000000E+00   1.527239E-01   8.472761E-01   1.209147E+01
 7.349709E-01   0.000000E+00   0.000000E+00   0.000000E+00   1.334121E-01   8.665879E-01   1.416246E+01
 8.063540E-01   0.000000E+00   0.000000E+00   0.000000E+00   1.154079E-01   8.845921E-01   1.673436E+01
 8.728663E-01   0.000000E+00   0.000000E+00   0.000000E+00   9.867330E-02   9.013267E-01   1.998824E+01
 9.335175E-01   0.000000E+00   0.000000E+00   0.000000E+00   7.903608E-02   9.209639E-01   2.560776E+01
 r/a            s_alpha        s_alpha_i      s_alpha_e      frac_ai        frac_ae        E_alpha/E_c
                (MW/cm^3)      (MW/cm^3)      (MW/cm^3)                                    
 0.000000E+00   0.000000E+00   0.000000E+00   0.000000E+00   3.397432E-01   6.602568E-01   4.383090E+00
 7.108258E-02   0.000000E+00   0.000000E+00   0.000000E+00   3.296709E-01   6.703291E-01   4.570771E+00
 1.513097E-01   0.000000E+00   0.000000E+00   0.000000E+00   3.086009E-01   6.913991E-01   5.004258E+00
 2.349214E-01   0.000000E+00   0.000000E+00   0.000000E+00   2.815473E-01   7.184527E-01   5.658995E+00
 3.234501E-01   0.000000E+00   0.000000E+00   0.000000E+00   2.499572E-01   7.500428E-01   6.608541E+00
 4.111218E-01   0.000000E+00   0.000000E+00   0.000000E+00   2.220384E-01   7.779616E-01   7.679624E+00
 4.968197E-01   0.000000E+00   0.000000E+00   0.000000E+00   1.963999E-01   8.036001E-01   8.939623E+00
 5.797835E-01   0.000000E+00   0.000000E+00   0.000000E+00   1.736119E-01   8.263881E-01   1.038123E+01
 6.592674E-01   0.000000E+00   0.000000E+00   0.000000E+00   1.527201E-01   8.472799E-01   1.209183E+01
 7.349709E-01   0.000000E+00   0.000000E+00   0.000000E+00   1.334097E-01   8.665903E-01   1.416277E+01
 8.063540E-01   0.000000E+00   0.000000E+00   0.000000E+00   1.154063E-01   8.845937E-01   1.673464E+01
 8.728663E-01   0.000000E+00   0.000000E+00   0.000000E+00   9.867241E-02   9.013276E-01   1.998844E+01
 9.335175E-01   0.000000E+00   0.000000E+00   0.000000E+00   7.903608E-02   9.209639E-01   2.560776E+01
 r/a            s_alpha        s_alpha_i      s_alpha_e      frac_ai        frac_ae        E_alpha/E_c
                (MW/cm^3)      (MW/cm^3)      (MW/cm^3)                                    
 0.000000E+00   0.000000E+00   0.000000E+00   0.000000E+00   3.397747E-01   6.602253E-01   4.382523E+00
 7.108258E-02   0.000000E+00   0.000000E+00   0.000000E+00   3.297004E-01   6.702996E-01   4.570205E+00
 1.513097E-01   0.000000E+00   0.000000E+00   0.000000E+00   3.086333E-01   6.913667E-01   5.003544E+00
 2.349214E-01   0.000000E+00   0.000000E+00   0.000000E+00   2.815709E-01   7.184291E-01   5.658368E+00
 3.234501E-01   0.000000E+00   0.000000E+00   0.000000E+00   2.499655E-01   7.500345E-01   6.608258E+00
 4.111218E-01   0.000000E+00   0.000000E+00   0.000000E+00   2.220464E-01   7.779536E-01   7.679277E+00
 4.968197E-01   0.000000E+00   0.000000E+00   0.000000E+00   1.964107E-01   8.035893E-01   8.939021E+00
 5.797835E-01   0.000000E+00   0.000000E+00   0.000000E+00   1.736160E-01   8.263840E-01   1.038093E+01
 6.592674E-01   0.000000E+00   0.000000E+00   0.000000E+00   1.527178E-01   8.472822E-01   1.209204E+01
 7.349709E-01   0.000000E+00   0.000000E+00   0.000000E+00   1.334082E-01   8.665918E-01   1.416294E+01
 8.063540E-01   0.000000E+00   0.000000E+00   0.000000E+00   1.154054E-01   8.845946E-01   1.673479E+01
 8.728663E-01   0.000000E+00   0.000000E+00   0.000000E+00   9.867193E-02   9.013281E-01   1.998855E+01
 9.335175E-01   0.000000E+00   0.000000E+00   0.000000E+00   7.903608E-02   9.209639E-01   2.560776E+01
 r/a            s_alpha        s_alpha_i      s_alpha_e      frac_ai        frac_ae        E_alpha/E_c
                (MW/cm^3)      (MW/cm^3)      (MW/cm^3)                                    
 0.000000E+00   0.000000E+00   0.000000E+00   0.000000E+00   3.397840E-01   6.602160E-01   4.382353E+00
 7.108258E-02   0.000000E+00   0.000000E+00   0.000000E+00   3.297093E-01   6.702907E-01   4.570033E+00
 1.513097E-01   0.000000E+00   0.000000E+00   0.000000E+00   3.086430E-01   6.913570E-01   5.003330E+00
 2.349214E-01   0.000000E+00   0.000000E+00   0.000000E+00   2.815775E-01   7.184225E-01   5.658193E+00
 3.234501E-01   0.000000E+00   0.000000E+00   0.000000E+00   2.499675E-01   7.500325E-01   6.608191E+00
 4.111218E-01   0.000000E+00   0.000000E+00   0.000000E+00   2.220484E-01   7.779516E-01   7.679191E+00
 4.968197E-01   0.000000E+00   0.000000E+00   0.000000E+00   1.964134E-01   8.035866E-01   8.938876E+00
 5.797835E-01   0.000000E+00   0.000000E+00   0.000000E+00   1.736169E-01   8.263831E-01   1.038087E+01
 6.592674E-01   0.000000E+00   0.000000E+00   0.000000E+00   1.527172E-01   8.472828E-01   1.209210E+01
 7.349709E-01   0.000000E+00   0.000000E+00   0.000000E+00   1.334079E-01   8.665921E-01   1.416299E+01
 8.063540E-01   0.000000E+00   0.000000E+00   0.000000E+00   1.154051E-01   8.845949E-01   1.673483E+01
 8.728663E-01   0.000000E+00   0.000000E+00   0.000000E+00   9.867180E-02   9.013282E-01   1.998858E+01
 9.335175E-01   0.000000E+00   0.000000E+00   0.000000E+00   7.903608E-02   9.209639E-01   2.560776E+01
 r/a            s_alpha        s_alpha_i      s_alpha_e      frac_ai        frac_ae        E_alpha/E_c
                (MW/cm^3)      (MW/cm^3)      (MW/cm^3)                                    
 0.000000E+00   0.000000E+00   0.000000E+00   0.000000E+00   3.397840E-01   6.602160E-01   4.382353E+00
 7.108258E-02   0.000000E+00   0.000000E+00   0.000000E+00   3.297093E-01   6.702907E-01   4.570033E+00
 1.513097E-01   0.000000E+00   0.000000E+00   0.000000E+00   3.086430E-01   6.913570E-01   5.003330E+00
 2.349214E-01   0.000000E+00   0.000000E+00   0.000000E+00   2.815775E-01   7.184225E-01   5.658193E+00
 3.234501E-01   0.000000E+00   0.000000E+00   0.000000E+00   2.499675E-01   7.500325E-01   6.608191E+00
 4.111218E-01   0.000000E+00   0.000000E+00   0.000000E+00   2.220484E-01   7.779516E-01   7.679191E+00
 4.968197E-01   0.000000E+00   0.000000E+00   0.000000E+00   1.964134E-01   8.035866E-01   8.938876E+00
 5.797835E-01   0.000000E+00   0.000000E+00   0.000000E+00   1.736169E-01   8.263831E-01   1.038087E+01
 6.592674E-01   0.000000E+00   0.000000E+00   0.000000E+00   1.527172E-01   8.472828E-01   1.209210E+01
 7.349709E-01   0.000000E+00   0.000000E+00   0.000000E+00   1.334079E-01   8.665921E-01   1.416299E+01
 8.063540E-01   0.000000E+00   0.000000E+00   0.000000E+00   1.154051E-01   8.845949E-01   1.673483E+01
 8.728663E-01   0.000000E+00   0.000000E+00   0.000000E+00   9.867180E-02   9.013282E-01   1.998858E+01
 9.335175E-01   0.000000E+00   0.000000E+00   0.000000E+00   7.903608E-02   9.209639E-01   2.560776E+01
 r/a            s_alpha        s_alpha_i      s_alpha_e      frac_ai        frac_ae        E_alpha/E_c
                (MW/cm^3)      (MW/cm^3)      (MW/cm^3)                                    
 0.000000E+00   0.000000E+00   0.000000E+00   0.000000E+00   3.397842E-01   6.602158E-01   4.382350E+00
 7.108258E-02   0.000000E+00   0.000000E+00   0.000000E+00   3.297095E-01   6.702905E-01   4.570030E+00
 1.513097E-01   0.000000E+00   0.000000E+00   0.000000E+00   3.086432E-01   6.913568E-01   5.003327E+00
 2.349214E-01   0.000000E+00   0.000000E+00   0.000000E+00   2.815776E-01   7.184224E-01   5.658191E+00
 3.234501E-01   0.000000E+00   0.000000E+00   0.000000E+00   2.499675E-01   7.500325E-01   6.608191E+00
 4.111218E-01   0.000000E+00   0.000000E+00   0.000000E+00   2.220484E-01   7.779516E-01   7.679190E+00
 4.968197E-01   0.000000E+00   0.000000E+00   0.000000E+00   1.964134E-01   8.035866E-01   8.938874E+00
 5.797835E-01   0.000000E+00   0.000000E+00   0.000000E+00   1.736169E-01   8.263831E-01   1.038087E+01
 6.592674E-01   0.000000E+00   0.000000E+00   0.000000E+00   1.527172E-01   8.472828E-01   1.209210E+01
 7.349709E-01   0.000000E+00   0.000000E+00   0.000000E+00   1.334078E-01   8.665922E-01   1.416299E+01
 8.063540E-01   0.000000E+00   0.000000E+00   0.000000E+00   1.154051E-01   8.845949E-01   1.673483E+01
 8.728663E-01   0.000000E+00   0.000000E+00   0.000000E+00   9.867180E-02   9.013282E-01   1.998858E+01
 9.335175E-01   0.000000E+00   0.000000E+00   0.000000E+00   7.903608E-02   9.209639E-01   2.560776E+01
 r/a            s_alpha        s_alpha_i      s_alpha_e      frac_ai        frac_ae        E_alpha/E_c
                (MW/cm^3)      (MW/cm^3)      (MW/cm^3)                                    
 0.000000E+00   0.000000E+00   0.000000E+00   0.000000E+00   3.397842E-01   6.602158E-01   4.382350E+00
 7.108258E-02   0.000000E+00   0.000000E+00   0.000000E+00   3.297095E-01   6.702905E-01   4.570030E+00
 1.513097E-01   0.000000E+00   0.000000E+00   0.000000E+00   3.086432E-01   6.913568E-01   5.003327E+00
 2.349214E-01   0.000000E+00   0.000000E+00   0.000000E+00   2.815776E-01   7.184224E-01   5.658191E+00
 3.234501E-01   0.000000E+00   0.000000E+00   0.000000E+00   2.499675E-01   7.500325E-01   6.608191E+00
 4.111218E-01   0.000000E+00   0.000000E+00   0.000000E+00   2.220484E-01   7.779516E-01   7.679190E+00
 4.968197E-01   0.000000E+00   0.000000E+00   0.000000E+00   1.964134E-01   8.035866E-01   8.938874E+00
 5.797835E-01   0.000000E+00   0.000000E+00   0.000000E+00   1.736169E-01   8.263831E-01   1.038087E+01
 6.592674E-01   0.000000E+00   0.000000E+00   0.000000E+00   1.527172E-01   8.472828E-01   1.209210E+01
 7.349709E-01   0.000000E+00   0.000000E+00   0.000000E+00   1.334078E-01   8.665922E-01   1.416299E+01
 8.063540E-01   0.000000E+00   0.000000E+00   0.000000E+00   1.154051E-01   8.845949E-01   1.673483E+01
 8.728663E-01   0.000000E+00   0.000000E+00   0.000000E+00   9.867180E-02   9.013282E-01   1.998858E+01
 9.335175E-01   0.000000E+00   0.000000E+00   0.000000E+00   7.903608E-02   9.209639E-01   2.560776E+01
 r/a            s_alpha        s_alpha_i      s_alpha_e      frac_ai        frac_ae        E_alpha/E_c
                (MW/cm^3)      (MW/cm^3)      (MW/cm^3)                                    
 0.000000E+00   0.000000E+00   0.000000E+00   0.000000E+00   3.397842E-01   6.602158E-01   4.382350E+00
 7.108258E-02   0.000000E+00   0.000000E+00   0.000000E+00   3.297095E-01   6.702905E-01   4.570030E+00
 1.513097E-01   0.000000E+00   0.000000E+00   0.000000E+00   3.086432E-01   6.913568E-01   5.003327E+00
 2.349214E-01   0.000000E+00   0.000000E+00   0.000000E+00   2.815776E-01   7.184224E-01   5.658191E+00
 3.234501E-01   0.000000E+00   0.000000E+00   0.000000E+00   2.499675E-01   7.500325E-01   6.608191E+00
 4.111218E-01   0.000000E+00   0.000000E+00   0.000000E+00   2.220484E-01   7.779516E-01   7.679190E+00
 4.968197E-01   0.000000E+00   0.000000E+00   0.000000E+00   1.964134E-01   8.035866E-01   8.938874E+00
 5.797835E-01   0.000000E+00   0.000000E+00   0.000000E+00   1.736169E-01   8.263831E-01   1.038087E+01
 6.592674E-01   0.000000E+00   0.000000E+00   0.000000E+00   1.527172E-01   8.472828E-01   1.209210E+01
 7.349709E-01   0.000000E+00   0.000000E+00   0.000000E+00   1.334078E-01   8.665922E-01   1.416299E+01
 8.063540E-01   0.000000E+00   0.000000E+00   0.000000E+00   1.154051E-01   8.845949E-01   1.673483E+01
 8.728663E-01   0.000000E+00   0.000000E+00   0.000000E+00   9.867180E-02   9.013282E-01   1.998858E+01
 9.335175E-01   0.000000E+00   0.000000E+00   0.000000E+00   7.903608E-02   9.209639E-01   2.560776E+01
