 r/a            s_alpha        s_alpha_i      s_alpha_e      frac_ai        frac_ae        E_alpha/E_c
                (MW/cm^3)      (MW/cm^3)      (MW/cm^3)                                    
 0.000000E+00   0.000000E+00   0.000000E+00   0.000000E+00   2.638004E-01   7.361996E-01   6.163664E+00
 6.094811E-02   0.000000E+00   0.000000E+00   0.000000E+00   2.630521E-01   7.369479E-01   6.186483E+00
 1.418110E-01   0.000000E+00   0.000000E+00   0.000000E+00   2.597599E-01   7.402401E-01   6.288479E+00
 2.281801E-01   0.000000E+00   0.000000E+00   0.000000E+00   2.529162E-01   7.470838E-01   6.509240E+00
 3.152702E-01   0.000000E+00   0.000000E+00   0.000000E+00   2.419021E-01   7.580979E-01   6.891511E+00
 4.021325E-01   0.000000E+00   0.000000E+00   0.000000E+00   2.265967E-01   7.734033E-01   7.486216E+00
 4.879386E-01   0.000000E+00   0.000000E+00   0.000000E+00   2.073638E-01   7.926362E-01   8.361655E+00
 5.717072E-01   0.000000E+00   0.000000E+00   0.000000E+00   1.850319E-01   8.149681E-01   9.613248E+00
 6.526983E-01   0.000000E+00   0.000000E+00   0.000000E+00   1.608282E-01   8.391718E-01   1.137384E+01
 7.303505E-01   0.000000E+00   0.000000E+00   0.000000E+00   1.362936E-01   8.637064E-01   1.381528E+01
 8.038712E-01   0.000000E+00   0.000000E+00   0.000000E+00   1.132220E-01   8.867780E-01   1.710365E+01
 8.722292E-01   0.000000E+00   0.000000E+00   0.000000E+00   9.354287E-02   9.064571E-01   2.122434E+01
 9.336422E-01   0.000000E+00   0.000000E+00   0.000000E+00   7.905444E-02   9.209456E-01   2.560117E+01
 r/a            s_alpha        s_alpha_i      s_alpha_e      frac_ai        frac_ae        E_alpha/E_c
                (MW/cm^3)      (MW/cm^3)      (MW/cm^3)                                    
 0.000000E+00   0.000000E+00   0.000000E+00   0.000000E+00   2.633483E-01   7.366517E-01   6.177434E+00
 6.094811E-02   0.000000E+00   0.000000E+00   0.000000E+00   2.626895E-01   7.373105E-01   6.197587E+00
 1.418110E-01   0.000000E+00   0.000000E+00   0.000000E+00   2.595567E-01   7.404433E-01   6.294861E+00
 2.281801E-01   0.000000E+00   0.000000E+00   0.000000E+00   2.527780E-01   7.472220E-01   6.513825E+00
 3.152702E-01   0.000000E+00   0.000000E+00   0.000000E+00   2.417986E-01   7.582014E-01   6.895275E+00
 4.021325E-01   0.000000E+00   0.000000E+00   0.000000E+00   2.265157E-01   7.734843E-01   7.489583E+00
 4.879386E-01   0.000000E+00   0.000000E+00   0.000000E+00   2.072997E-01   7.927003E-01   8.364850E+00
 5.717072E-01   0.000000E+00   0.000000E+00   0.000000E+00   1.849845E-01   8.150155E-01   9.616232E+00
 6.526983E-01   0.000000E+00   0.000000E+00   0.000000E+00   1.608001E-01   8.391999E-01   1.137621E+01
 7.303505E-01   0.000000E+00   0.000000E+00   0.000000E+00   1.362842E-01   8.637158E-01   1.381639E+01
 8.038712E-01   0.000000E+00   0.000000E+00   0.000000E+00   1.132263E-01   8.867737E-01   1.710290E+01
 8.722292E-01   0.000000E+00   0.000000E+00   0.000000E+00   9.354929E-02   9.064507E-01   2.122271E+01
 9.336422E-01   0.000000E+00   0.000000E+00   0.000000E+00   7.905444E-02   9.209456E-01   2.560117E+01
 r/a            s_alpha        s_alpha_i      s_alpha_e      frac_ai        frac_ae        E_alpha/E_c
                (MW/cm^3)      (MW/cm^3)      (MW/cm^3)                                    
 0.000000E+00   0.000000E+00   0.000000E+00   0.000000E+00   2.653157E-01   7.346843E-01   6.117862E+00
 6.094811E-02   0.000000E+00   0.000000E+00   0.000000E+00   2.641291E-01   7.358709E-01   6.153683E+00
 1.418110E-01   0.000000E+00   0.000000E+00   0.000000E+00   2.600897E-01   7.399103E-01   6.278140E+00
 2.281801E-01   0.000000E+00   0.000000E+00   0.000000E+00   2.529636E-01   7.470364E-01   6.507670E+00
 3.152702E-01   0.000000E+00   0.000000E+00   0.000000E+00   2.417676E-01   7.582324E-01   6.896401E+00
 4.021325E-01   0.000000E+00   0.000000E+00   0.000000E+00   2.263281E-01   7.736719E-01   7.497392E+00
 4.879386E-01   0.000000E+00   0.000000E+00   0.000000E+00   2.070179E-01   7.929821E-01   8.378928E+00
 5.717072E-01   0.000000E+00   0.000000E+00   0.000000E+00   1.847172E-01   8.152828E-01   9.633105E+00
 6.526983E-01   0.000000E+00   0.000000E+00   0.000000E+00   1.606458E-01   8.393542E-01   1.138918E+01
 7.303505E-01   0.000000E+00   0.000000E+00   0.000000E+00   1.362494E-01   8.637506E-01   1.382050E+01
 8.038712E-01   0.000000E+00   0.000000E+00   0.000000E+00   1.132700E-01   8.867300E-01   1.709538E+01
 8.722292E-01   0.000000E+00   0.000000E+00   0.000000E+00   9.364132E-02   9.063587E-01   2.119932E+01
 9.336422E-01   0.000000E+00   0.000000E+00   0.000000E+00   7.905444E-02   9.209456E-01   2.560117E+01
 r/a            s_alpha        s_alpha_i      s_alpha_e      frac_ai        frac_ae        E_alpha/E_c
                (MW/cm^3)      (MW/cm^3)      (MW/cm^3)                                    
 0.000000E+00   0.000000E+00   0.000000E+00   0.000000E+00   2.702028E-01   7.297972E-01   5.973740E+00
 6.094811E-02   0.000000E+00   0.000000E+00   0.000000E+00   2.689436E-01   7.310564E-01   6.010360E+00
 1.418110E-01   0.000000E+00   0.000000E+00   0.000000E+00   2.639265E-01   7.360735E-01   6.159830E+00
 2.281801E-01   0.000000E+00   0.000000E+00   0.000000E+00   2.551801E-01   7.448199E-01   6.434864E+00
 3.152702E-01   0.000000E+00   0.000000E+00   0.000000E+00   2.422836E-01   7.577164E-01   6.877676E+00
 4.021325E-01   0.000000E+00   0.000000E+00   0.000000E+00   2.248025E-01   7.751975E-01   7.561383E+00
 4.879386E-01   0.000000E+00   0.000000E+00   0.000000E+00   2.043916E-01   7.956084E-01   8.512047E+00
 5.717072E-01   0.000000E+00   0.000000E+00   0.000000E+00   1.825887E-01   8.174113E-01   9.769266E+00
 6.526983E-01   0.000000E+00   0.000000E+00   0.000000E+00   1.597297E-01   8.402703E-01   1.146675E+01
 7.303505E-01   0.000000E+00   0.000000E+00   0.000000E+00   1.364729E-01   8.635271E-01   1.379418E+01
 8.038712E-01   0.000000E+00   0.000000E+00   0.000000E+00   1.143106E-01   8.856894E-01   1.691794E+01
 8.722292E-01   0.000000E+00   0.000000E+00   0.000000E+00   9.489257E-02   9.051074E-01   2.088593E+01
 9.336422E-01   0.000000E+00   0.000000E+00   0.000000E+00   7.905444E-02   9.209456E-01   2.560117E+01
 r/a            s_alpha        s_alpha_i      s_alpha_e      frac_ai        frac_ae        E_alpha/E_c
                (MW/cm^3)      (MW/cm^3)      (MW/cm^3)                                    
 0.000000E+00   0.000000E+00   0.000000E+00   0.000000E+00   2.779376E-01   7.220624E-01   5.756279E+00
 6.094811E-02   0.000000E+00   0.000000E+00   0.000000E+00   2.758003E-01   7.241997E-01   5.815116E+00
 1.418110E-01   0.000000E+00   0.000000E+00   0.000000E+00   2.702387E-01   7.297613E-01   5.972702E+00
 2.281801E-01   0.000000E+00   0.000000E+00   0.000000E+00   2.607441E-01   7.392559E-01   6.257707E+00
 3.152702E-01   0.000000E+00   0.000000E+00   0.000000E+00   2.424685E-01   7.575315E-01   6.870983E+00
 4.021325E-01   0.000000E+00   0.000000E+00   0.000000E+00   2.193877E-01   7.806123E-01   7.795889E+00
 4.879386E-01   0.000000E+00   0.000000E+00   0.000000E+00   1.967616E-01   8.032384E-01   8.919502E+00
 5.717072E-01   0.000000E+00   0.000000E+00   0.000000E+00   1.760233E-01   8.239767E-01   1.021055E+01
 6.526983E-01   0.000000E+00   0.000000E+00   0.000000E+00   1.567239E-01   8.432761E-01   1.172777E+01
 7.303505E-01   0.000000E+00   0.000000E+00   0.000000E+00   1.362425E-01   8.637575E-01   1.382131E+01
 8.038712E-01   0.000000E+00   0.000000E+00   0.000000E+00   1.151446E-01   8.848554E-01   1.677810E+01
 8.722292E-01   0.000000E+00   0.000000E+00   0.000000E+00   9.605136E-02   9.039486E-01   2.060312E+01
 9.336422E-01   0.000000E+00   0.000000E+00   0.000000E+00   7.905444E-02   9.209456E-01   2.560117E+01
 r/a            s_alpha        s_alpha_i      s_alpha_e      frac_ai        frac_ae        E_alpha/E_c
                (MW/cm^3)      (MW/cm^3)      (MW/cm^3)                                    
 0.000000E+00   0.000000E+00   0.000000E+00   0.000000E+00   2.813852E-01   7.186148E-01   5.663309E+00
 6.094811E-02   0.000000E+00   0.000000E+00   0.000000E+00   2.792785E-01   7.207215E-01   5.719839E+00
 1.418110E-01   0.000000E+00   0.000000E+00   0.000000E+00   2.725647E-01   7.274353E-01   5.905990E+00
 2.281801E-01   0.000000E+00   0.000000E+00   0.000000E+00   2.612800E-01   7.387200E-01   6.241055E+00
 3.152702E-01   0.000000E+00   0.000000E+00   0.000000E+00   2.422250E-01   7.577750E-01   6.879797E+00
 4.021325E-01   0.000000E+00   0.000000E+00   0.000000E+00   2.183453E-01   7.816547E-01   7.842405E+00
 4.879386E-01   0.000000E+00   0.000000E+00   0.000000E+00   1.951966E-01   8.048034E-01   9.007118E+00
 5.717072E-01   0.000000E+00   0.000000E+00   0.000000E+00   1.746874E-01   8.253126E-01   1.030451E+01
 6.526983E-01   0.000000E+00   0.000000E+00   0.000000E+00   1.558666E-01   8.441334E-01   1.180411E+01
 7.303505E-01   0.000000E+00   0.000000E+00   0.000000E+00   1.358680E-01   8.641320E-01   1.386561E+01
 8.038712E-01   0.000000E+00   0.000000E+00   0.000000E+00   1.153994E-01   8.846006E-01   1.673578E+01
 8.722292E-01   0.000000E+00   0.000000E+00   0.000000E+00   9.647245E-02   9.035275E-01   2.050207E+01
 9.336422E-01   0.000000E+00   0.000000E+00   0.000000E+00   7.905444E-02   9.209456E-01   2.560117E+01
 r/a            s_alpha        s_alpha_i      s_alpha_e      frac_ai        frac_ae        E_alpha/E_c
                (MW/cm^3)      (MW/cm^3)      (MW/cm^3)                                    
 0.000000E+00   0.000000E+00   0.000000E+00   0.000000E+00   2.932511E-01   7.067489E-01   5.360496E+00
 6.094811E-02   0.000000E+00   0.000000E+00   0.000000E+00   2.906747E-01   7.093253E-01   5.424083E+00
 1.418110E-01   0.000000E+00   0.000000E+00   0.000000E+00   2.796764E-01   7.203236E-01   5.709094E+00
 2.281801E-01   0.000000E+00   0.000000E+00   0.000000E+00   2.623426E-01   7.376574E-01   6.208239E+00
 3.152702E-01   0.000000E+00   0.000000E+00   0.000000E+00   2.402667E-01   7.597333E-01   6.951344E+00
 4.021325E-01   0.000000E+00   0.000000E+00   0.000000E+00   2.146701E-01   7.853299E-01   8.010111E+00
 4.879386E-01   0.000000E+00   0.000000E+00   0.000000E+00   1.908392E-01   8.091608E-01   9.258838E+00
 5.717072E-01   0.000000E+00   0.000000E+00   0.000000E+00   1.713663E-01   8.286337E-01   1.054460E+01
 6.526983E-01   0.000000E+00   0.000000E+00   0.000000E+00   1.542554E-01   8.457446E-01   1.194994E+01
 7.303505E-01   0.000000E+00   0.000000E+00   0.000000E+00   1.359511E-01   8.640489E-01   1.385576E+01
 8.038712E-01   0.000000E+00   0.000000E+00   0.000000E+00   1.166797E-01   8.833203E-01   1.652602E+01
 8.722292E-01   0.000000E+00   0.000000E+00   0.000000E+00   9.787856E-02   9.021214E-01   2.017107E+01
 9.336422E-01   0.000000E+00   0.000000E+00   0.000000E+00   7.905444E-02   9.209456E-01   2.560117E+01
 r/a            s_alpha        s_alpha_i      s_alpha_e      frac_ai        frac_ae        E_alpha/E_c
                (MW/cm^3)      (MW/cm^3)      (MW/cm^3)                                    
 0.000000E+00   0.000000E+00   0.000000E+00   0.000000E+00   3.066084E-01   6.933916E-01   5.048428E+00
 6.094811E-02   0.000000E+00   0.000000E+00   0.000000E+00   3.035553E-01   6.964447E-01   5.117268E+00
 1.418110E-01   0.000000E+00   0.000000E+00   0.000000E+00   2.873084E-01   7.126916E-01   5.508937E+00
 2.281801E-01   0.000000E+00   0.000000E+00   0.000000E+00   2.640237E-01   7.359763E-01   6.156880E+00
 3.152702E-01   0.000000E+00   0.000000E+00   0.000000E+00   2.400672E-01   7.599328E-01   6.958700E+00
 4.021325E-01   0.000000E+00   0.000000E+00   0.000000E+00   2.115317E-01   7.884683E-01   8.158061E+00
 4.879386E-01   0.000000E+00   0.000000E+00   0.000000E+00   1.853060E-01   8.146940E-01   9.596009E+00
 5.717072E-01   0.000000E+00   0.000000E+00   0.000000E+00   1.665637E-01   8.334363E-01   1.090918E+01
 6.526983E-01   0.000000E+00   0.000000E+00   0.000000E+00   1.519445E-01   8.480555E-01   1.216463E+01
 7.303505E-01   0.000000E+00   0.000000E+00   0.000000E+00   1.360557E-01   8.639443E-01   1.384338E+01
 8.038712E-01   0.000000E+00   0.000000E+00   0.000000E+00   1.181278E-01   8.818722E-01   1.629439E+01
 8.722292E-01   0.000000E+00   0.000000E+00   0.000000E+00   9.922735E-02   9.007727E-01   1.986255E+01
 9.336422E-01   0.000000E+00   0.000000E+00   0.000000E+00   7.905444E-02   9.209456E-01   2.560117E+01
 r/a            s_alpha        s_alpha_i      s_alpha_e      frac_ai        frac_ae        E_alpha/E_c
                (MW/cm^3)      (MW/cm^3)      (MW/cm^3)                                    
 0.000000E+00   0.000000E+00   0.000000E+00   0.000000E+00   3.123261E-01   6.876739E-01   4.923234E+00
 6.094811E-02   0.000000E+00   0.000000E+00   0.000000E+00   3.071649E-01   6.928351E-01   5.036033E+00
 1.418110E-01   0.000000E+00   0.000000E+00   0.000000E+00   2.882334E-01   7.117666E-01   5.485416E+00
 2.281801E-01   0.000000E+00   0.000000E+00   0.000000E+00   2.642467E-01   7.357533E-01   6.150116E+00
 3.152702E-01   0.000000E+00   0.000000E+00   0.000000E+00   2.386963E-01   7.613037E-01   7.009591E+00
 4.021325E-01   0.000000E+00   0.000000E+00   0.000000E+00   2.087024E-01   7.912976E-01   8.295356E+00
 4.879386E-01   0.000000E+00   0.000000E+00   0.000000E+00   1.820476E-01   8.179524E-01   9.804398E+00
 5.717072E-01   0.000000E+00   0.000000E+00   0.000000E+00   1.641169E-01   8.358831E-01   1.110334E+01
 6.526983E-01   0.000000E+00   0.000000E+00   0.000000E+00   1.507408E-01   8.492592E-01   1.227912E+01
 7.303505E-01   0.000000E+00   0.000000E+00   0.000000E+00   1.360401E-01   8.639599E-01   1.384522E+01
 8.038712E-01   0.000000E+00   0.000000E+00   0.000000E+00   1.188972E-01   8.811028E-01   1.617365E+01
 8.722292E-01   0.000000E+00   0.000000E+00   0.000000E+00   9.994615E-02   9.000539E-01   1.970161E+01
 9.336422E-01   0.000000E+00   0.000000E+00   0.000000E+00   7.905444E-02   9.209456E-01   2.560117E+01
 r/a            s_alpha        s_alpha_i      s_alpha_e      frac_ai        frac_ae        E_alpha/E_c
                (MW/cm^3)      (MW/cm^3)      (MW/cm^3)                                    
 0.000000E+00   0.000000E+00   0.000000E+00   0.000000E+00   3.223170E-01   6.776830E-01   4.715439E+00
 6.094811E-02   0.000000E+00   0.000000E+00   0.000000E+00   3.135270E-01   6.864730E-01   4.897535E+00
 1.418110E-01   0.000000E+00   0.000000E+00   0.000000E+00   2.885895E-01   7.114105E-01   5.476403E+00
 2.281801E-01   0.000000E+00   0.000000E+00   0.000000E+00   2.632642E-01   7.367358E-01   6.180000E+00
 3.152702E-01   0.000000E+00   0.000000E+00   0.000000E+00   2.371867E-01   7.628133E-01   7.066333E+00
 4.021325E-01   0.000000E+00   0.000000E+00   0.000000E+00   2.063694E-01   7.936306E-01   8.411479E+00
 4.879386E-01   0.000000E+00   0.000000E+00   0.000000E+00   1.796316E-01   8.203684E-01   9.963925E+00
 5.717072E-01   0.000000E+00   0.000000E+00   0.000000E+00   1.623324E-01   8.376676E-01   1.124872E+01
 6.526983E-01   0.000000E+00   0.000000E+00   0.000000E+00   1.498652E-01   8.501348E-01   1.236359E+01
 7.303505E-01   0.000000E+00   0.000000E+00   0.000000E+00   1.360205E-01   8.639795E-01   1.384754E+01
 8.038712E-01   0.000000E+00   0.000000E+00   0.000000E+00   1.193425E-01   8.806575E-01   1.610451E+01
 8.722292E-01   0.000000E+00   0.000000E+00   0.000000E+00   1.003477E-01   8.996523E-01   1.961273E+01
 9.336422E-01   0.000000E+00   0.000000E+00   0.000000E+00   7.905444E-02   9.209456E-01   2.560117E+01
 r/a            s_alpha        s_alpha_i      s_alpha_e      frac_ai        frac_ae        E_alpha/E_c
                (MW/cm^3)      (MW/cm^3)      (MW/cm^3)                                    
 0.000000E+00   0.000000E+00   0.000000E+00   0.000000E+00   3.263557E-01   6.736443E-01   4.635157E+00
 6.094811E-02   0.000000E+00   0.000000E+00   0.000000E+00   3.139718E-01   6.860282E-01   4.888067E+00
 1.418110E-01   0.000000E+00   0.000000E+00   0.000000E+00   2.873690E-01   7.126310E-01   5.507391E+00
 2.281801E-01   0.000000E+00   0.000000E+00   0.000000E+00   2.644371E-01   7.355629E-01   6.144351E+00
 3.152702E-01   0.000000E+00   0.000000E+00   0.000000E+00   2.376159E-01   7.623841E-01   7.050127E+00
 4.021325E-01   0.000000E+00   0.000000E+00   0.000000E+00   2.064111E-01   7.935889E-01   8.409377E+00
 4.879386E-01   0.000000E+00   0.000000E+00   0.000000E+00   1.797233E-01   8.202767E-01   9.957792E+00
 5.717072E-01   0.000000E+00   0.000000E+00   0.000000E+00   1.628635E-01   8.371365E-01   1.120511E+01
 6.526983E-01   0.000000E+00   0.000000E+00   0.000000E+00   1.503033E-01   8.496967E-01   1.232121E+01
 7.303505E-01   0.000000E+00   0.000000E+00   0.000000E+00   1.362453E-01   8.637547E-01   1.382098E+01
 8.038712E-01   0.000000E+00   0.000000E+00   0.000000E+00   1.196781E-01   8.803219E-01   1.605273E+01
 8.722292E-01   0.000000E+00   0.000000E+00   0.000000E+00   1.005830E-01   8.994170E-01   1.956099E+01
 9.336422E-01   0.000000E+00   0.000000E+00   0.000000E+00   7.905444E-02   9.209456E-01   2.560117E+01
 r/a            s_alpha        s_alpha_i      s_alpha_e      frac_ai        frac_ae        E_alpha/E_c
                (MW/cm^3)      (MW/cm^3)      (MW/cm^3)                                    
 0.000000E+00   0.000000E+00   0.000000E+00   0.000000E+00   3.307565E-01   6.692435E-01   4.549976E+00
 6.094811E-02   0.000000E+00   0.000000E+00   0.000000E+00   3.186139E-01   6.813861E-01   4.790891E+00
 1.418110E-01   0.000000E+00   0.000000E+00   0.000000E+00   2.899609E-01   7.100391E-01   5.441908E+00
 2.281801E-01   0.000000E+00   0.000000E+00   0.000000E+00   2.642756E-01   7.357244E-01   6.149242E+00
 3.152702E-01   0.000000E+00   0.000000E+00   0.000000E+00   2.368401E-01   7.631599E-01   7.079463E+00
 4.021325E-01   0.000000E+00   0.000000E+00   0.000000E+00   2.053747E-01   7.946253E-01   8.461811E+00
 4.879386E-01   0.000000E+00   0.000000E+00   0.000000E+00   1.786798E-01   8.213202E-01   1.002799E+01
 5.717072E-01   0.000000E+00   0.000000E+00   0.000000E+00   1.619704E-01   8.380296E-01   1.127862E+01
 6.526983E-01   0.000000E+00   0.000000E+00   0.000000E+00   1.498087E-01   8.501913E-01   1.236908E+01
 7.303505E-01   0.000000E+00   0.000000E+00   0.000000E+00   1.362043E-01   8.637957E-01   1.382582E+01
 8.038712E-01   0.000000E+00   0.000000E+00   0.000000E+00   1.198385E-01   8.801615E-01   1.602811E+01
 8.722292E-01   0.000000E+00   0.000000E+00   0.000000E+00   1.007093E-01   8.992907E-01   1.953331E+01
 9.336422E-01   0.000000E+00   0.000000E+00   0.000000E+00   7.905444E-02   9.209456E-01   2.560117E+01
 r/a            s_alpha        s_alpha_i      s_alpha_e      frac_ai        frac_ae        E_alpha/E_c
                (MW/cm^3)      (MW/cm^3)      (MW/cm^3)                                    
 0.000000E+00   0.000000E+00   0.000000E+00   0.000000E+00   3.370201E-01   6.629799E-01   4.432691E+00
 6.094811E-02   0.000000E+00   0.000000E+00   0.000000E+00   3.235843E-01   6.764157E-01   4.690026E+00
 1.418110E-01   0.000000E+00   0.000000E+00   0.000000E+00   2.924722E-01   7.075278E-01   5.379597E+00
 2.281801E-01   0.000000E+00   0.000000E+00   0.000000E+00   2.629515E-01   7.370485E-01   6.189560E+00
 3.152702E-01   0.000000E+00   0.000000E+00   0.000000E+00   2.316541E-01   7.683459E-01   7.280776E+00
 4.021325E-01   0.000000E+00   0.000000E+00   0.000000E+00   1.989682E-01   8.010318E-01   8.798370E+00
 4.879386E-01   0.000000E+00   0.000000E+00   0.000000E+00   1.724020E-01   8.275980E-01   1.046871E+01
 5.717072E-01   0.000000E+00   0.000000E+00   0.000000E+00   1.568518E-01   8.431482E-01   1.171646E+01
 6.526983E-01   0.000000E+00   0.000000E+00   0.000000E+00   1.470968E-01   8.529032E-01   1.263746E+01
 7.303505E-01   0.000000E+00   0.000000E+00   0.000000E+00   1.360618E-01   8.639382E-01   1.384266E+01
 8.038712E-01   0.000000E+00   0.000000E+00   0.000000E+00   1.208588E-01   8.791412E-01   1.587296E+01
 8.722292E-01   0.000000E+00   0.000000E+00   0.000000E+00   1.015196E-01   8.984804E-01   1.935742E+01
 9.336422E-01   0.000000E+00   0.000000E+00   0.000000E+00   7.905444E-02   9.209456E-01   2.560117E+01
 r/a            s_alpha        s_alpha_i      s_alpha_e      frac_ai        frac_ae        E_alpha/E_c
                (MW/cm^3)      (MW/cm^3)      (MW/cm^3)                                    
 0.000000E+00   0.000000E+00   0.000000E+00   0.000000E+00   3.343032E-01   6.656968E-01   4.483008E+00
 6.094811E-02   0.000000E+00   0.000000E+00   0.000000E+00   3.233605E-01   6.766395E-01   4.694498E+00
 1.418110E-01   0.000000E+00   0.000000E+00   0.000000E+00   2.933218E-01   7.066782E-01   5.358767E+00
 2.281801E-01   0.000000E+00   0.000000E+00   0.000000E+00   2.615819E-01   7.384181E-01   6.231702E+00
 3.152702E-01   0.000000E+00   0.000000E+00   0.000000E+00   2.302984E-01   7.697016E-01   7.334936E+00
 4.021325E-01   0.000000E+00   0.000000E+00   0.000000E+00   1.979818E-01   8.020182E-01   8.852178E+00
 4.879386E-01   0.000000E+00   0.000000E+00   0.000000E+00   1.718062E-01   8.281938E-01   1.051225E+01
 5.717072E-01   0.000000E+00   0.000000E+00   0.000000E+00   1.566407E-01   8.433593E-01   1.173514E+01
 6.526983E-01   0.000000E+00   0.000000E+00   0.000000E+00   1.471089E-01   8.528911E-01   1.263623E+01
 7.303505E-01   0.000000E+00   0.000000E+00   0.000000E+00   1.360905E-01   8.639095E-01   1.383926E+01
 8.038712E-01   0.000000E+00   0.000000E+00   0.000000E+00   1.208597E-01   8.791403E-01   1.587282E+01
 8.722292E-01   0.000000E+00   0.000000E+00   0.000000E+00   1.015126E-01   8.984874E-01   1.935893E+01
 9.336422E-01   0.000000E+00   0.000000E+00   0.000000E+00   7.905444E-02   9.209456E-01   2.560117E+01
 r/a            s_alpha        s_alpha_i      s_alpha_e      frac_ai        frac_ae        E_alpha/E_c
                (MW/cm^3)      (MW/cm^3)      (MW/cm^3)                                    
 0.000000E+00   0.000000E+00   0.000000E+00   0.000000E+00   3.365266E-01   6.634734E-01   4.441768E+00
 6.094811E-02   0.000000E+00   0.000000E+00   0.000000E+00   3.240845E-01   6.759155E-01   4.680051E+00
 1.418110E-01   0.000000E+00   0.000000E+00   0.000000E+00   2.915982E-01   7.084018E-01   5.401157E+00
 2.281801E-01   0.000000E+00   0.000000E+00   0.000000E+00   2.596801E-01   7.403199E-01   6.290983E+00
 3.152702E-01   0.000000E+00   0.000000E+00   0.000000E+00   2.289023E-01   7.710977E-01   7.391401E+00
 4.021325E-01   0.000000E+00   0.000000E+00   0.000000E+00   1.969809E-01   8.030191E-01   8.907339E+00
 4.879386E-01   0.000000E+00   0.000000E+00   0.000000E+00   1.712034E-01   8.287966E-01   1.055662E+01
 5.717072E-01   0.000000E+00   0.000000E+00   0.000000E+00   1.564085E-01   8.435915E-01   1.175576E+01
 6.526983E-01   0.000000E+00   0.000000E+00   0.000000E+00   1.471139E-01   8.528861E-01   1.263573E+01
 7.303505E-01   0.000000E+00   0.000000E+00   0.000000E+00   1.361104E-01   8.638896E-01   1.383691E+01
 8.038712E-01   0.000000E+00   0.000000E+00   0.000000E+00   1.208562E-01   8.791438E-01   1.587335E+01
 8.722292E-01   0.000000E+00   0.000000E+00   0.000000E+00   1.015041E-01   8.984959E-01   1.936076E+01
 9.336422E-01   0.000000E+00   0.000000E+00   0.000000E+00   7.905444E-02   9.209456E-01   2.560117E+01
 r/a            s_alpha        s_alpha_i      s_alpha_e      frac_ai        frac_ae        E_alpha/E_c
                (MW/cm^3)      (MW/cm^3)      (MW/cm^3)                                    
 0.000000E+00   0.000000E+00   0.000000E+00   0.000000E+00   3.365266E-01   6.634734E-01   4.441768E+00
 6.094811E-02   0.000000E+00   0.000000E+00   0.000000E+00   3.240845E-01   6.759155E-01   4.680051E+00
 1.418110E-01   0.000000E+00   0.000000E+00   0.000000E+00   2.915982E-01   7.084018E-01   5.401157E+00
 2.281801E-01   0.000000E+00   0.000000E+00   0.000000E+00   2.596801E-01   7.403199E-01   6.290983E+00
 3.152702E-01   0.000000E+00   0.000000E+00   0.000000E+00   2.289023E-01   7.710977E-01   7.391401E+00
 4.021325E-01   0.000000E+00   0.000000E+00   0.000000E+00   1.969809E-01   8.030191E-01   8.907339E+00
 4.879386E-01   0.000000E+00   0.000000E+00   0.000000E+00   1.712034E-01   8.287966E-01   1.055662E+01
 5.717072E-01   0.000000E+00   0.000000E+00   0.000000E+00   1.564085E-01   8.435915E-01   1.175576E+01
 6.526983E-01   0.000000E+00   0.000000E+00   0.000000E+00   1.471139E-01   8.528861E-01   1.263573E+01
 7.303505E-01   0.000000E+00   0.000000E+00   0.000000E+00   1.361104E-01   8.638896E-01   1.383691E+01
 8.038712E-01   0.000000E+00   0.000000E+00   0.000000E+00   1.208562E-01   8.791438E-01   1.587335E+01
 8.722292E-01   0.000000E+00   0.000000E+00   0.000000E+00   1.015041E-01   8.984959E-01   1.936076E+01
 9.336422E-01   0.000000E+00   0.000000E+00   0.000000E+00   7.905444E-02   9.209456E-01   2.560117E+01
 r/a            s_alpha        s_alpha_i      s_alpha_e      frac_ai        frac_ae        E_alpha/E_c
                (MW/cm^3)      (MW/cm^3)      (MW/cm^3)                                    
 0.000000E+00   0.000000E+00   0.000000E+00   0.000000E+00   3.269508E-01   6.730492E-01   4.623500E+00
 6.094811E-02   0.000000E+00   0.000000E+00   0.000000E+00   3.163281E-01   6.836719E-01   4.838375E+00
 1.418110E-01   0.000000E+00   0.000000E+00   0.000000E+00   2.877145E-01   7.122855E-01   5.498592E+00
 2.281801E-01   0.000000E+00   0.000000E+00   0.000000E+00   2.577877E-01   7.422123E-01   6.350862E+00
 3.152702E-01   0.000000E+00   0.000000E+00   0.000000E+00   2.276215E-01   7.723785E-01   7.443830E+00
 4.021325E-01   0.000000E+00   0.000000E+00   0.000000E+00   1.960895E-01   8.039105E-01   8.956953E+00
 4.879386E-01   0.000000E+00   0.000000E+00   0.000000E+00   1.710888E-01   8.289112E-01   1.056509E+01
 5.717072E-01   0.000000E+00   0.000000E+00   0.000000E+00   1.563192E-01   8.436808E-01   1.176370E+01
 6.526983E-01   0.000000E+00   0.000000E+00   0.000000E+00   1.467820E-01   8.532180E-01   1.266927E+01
 7.303505E-01   0.000000E+00   0.000000E+00   0.000000E+00   1.359964E-01   8.640036E-01   1.385040E+01
 8.038712E-01   0.000000E+00   0.000000E+00   0.000000E+00   1.207752E-01   8.792248E-01   1.588557E+01
 8.722292E-01   0.000000E+00   0.000000E+00   0.000000E+00   1.014533E-01   8.985467E-01   1.937171E+01
 9.336422E-01   0.000000E+00   0.000000E+00   0.000000E+00   7.905444E-02   9.209456E-01   2.560117E+01
 r/a            s_alpha        s_alpha_i      s_alpha_e      frac_ai        frac_ae        E_alpha/E_c
                (MW/cm^3)      (MW/cm^3)      (MW/cm^3)                                    
 0.000000E+00   0.000000E+00   0.000000E+00   0.000000E+00   3.320600E-01   6.679400E-01   4.525192E+00
 6.094811E-02   0.000000E+00   0.000000E+00   0.000000E+00   3.185743E-01   6.814257E-01   4.791709E+00
 1.418110E-01   0.000000E+00   0.000000E+00   0.000000E+00   2.866287E-01   7.133713E-01   5.526316E+00
 2.281801E-01   0.000000E+00   0.000000E+00   0.000000E+00   2.568460E-01   7.431540E-01   6.380995E+00
 3.152702E-01   0.000000E+00   0.000000E+00   0.000000E+00   2.266460E-01   7.733540E-01   7.484167E+00
 4.021325E-01   0.000000E+00   0.000000E+00   0.000000E+00   1.951423E-01   8.048577E-01   9.010188E+00
 4.879386E-01   0.000000E+00   0.000000E+00   0.000000E+00   1.702647E-01   8.297353E-01   1.062636E+01
 5.717072E-01   0.000000E+00   0.000000E+00   0.000000E+00   1.560772E-01   8.439228E-01   1.178528E+01
 6.526983E-01   0.000000E+00   0.000000E+00   0.000000E+00   1.469077E-01   8.530923E-01   1.265655E+01
 7.303505E-01   0.000000E+00   0.000000E+00   0.000000E+00   1.360445E-01   8.639555E-01   1.384470E+01
 8.038712E-01   0.000000E+00   0.000000E+00   0.000000E+00   1.207838E-01   8.792162E-01   1.588428E+01
 8.722292E-01   0.000000E+00   0.000000E+00   0.000000E+00   1.014532E-01   8.985468E-01   1.937172E+01
 9.336422E-01   0.000000E+00   0.000000E+00   0.000000E+00   7.905444E-02   9.209456E-01   2.560117E+01
 r/a            s_alpha        s_alpha_i      s_alpha_e      frac_ai        frac_ae        E_alpha/E_c
                (MW/cm^3)      (MW/cm^3)      (MW/cm^3)                                    
 0.000000E+00   0.000000E+00   0.000000E+00   0.000000E+00   3.256109E-01   6.743891E-01   4.649808E+00
 6.094811E-02   0.000000E+00   0.000000E+00   0.000000E+00   3.140739E-01   6.859261E-01   4.885899E+00
 1.418110E-01   0.000000E+00   0.000000E+00   0.000000E+00   2.845938E-01   7.154062E-01   5.578864E+00
 2.281801E-01   0.000000E+00   0.000000E+00   0.000000E+00   2.542214E-01   7.457786E-01   6.466195E+00
 3.152702E-01   0.000000E+00   0.000000E+00   0.000000E+00   2.245061E-01   7.754939E-01   7.573918E+00
 4.021325E-01   0.000000E+00   0.000000E+00   0.000000E+00   1.938515E-01   8.061485E-01   9.083583E+00
 4.879386E-01   0.000000E+00   0.000000E+00   0.000000E+00   1.690140E-01   8.309860E-01   1.072051E+01
 5.717072E-01   0.000000E+00   0.000000E+00   0.000000E+00   1.556597E-01   8.443403E-01   1.182266E+01
 6.526983E-01   0.000000E+00   0.000000E+00   0.000000E+00   1.471200E-01   8.528800E-01   1.263512E+01
 7.303505E-01   0.000000E+00   0.000000E+00   0.000000E+00   1.361709E-01   8.638291E-01   1.382976E+01
 8.038712E-01   0.000000E+00   0.000000E+00   0.000000E+00   1.208418E-01   8.791582E-01   1.587552E+01
 8.722292E-01   0.000000E+00   0.000000E+00   0.000000E+00   1.014786E-01   8.985214E-01   1.936625E+01
 9.336422E-01   0.000000E+00   0.000000E+00   0.000000E+00   7.905444E-02   9.209456E-01   2.560117E+01
 r/a            s_alpha        s_alpha_i      s_alpha_e      frac_ai        frac_ae        E_alpha/E_c
                (MW/cm^3)      (MW/cm^3)      (MW/cm^3)                                    
 0.000000E+00   0.000000E+00   0.000000E+00   0.000000E+00   3.257178E-01   6.742822E-01   4.647701E+00
 6.094811E-02   0.000000E+00   0.000000E+00   0.000000E+00   3.141210E-01   6.858790E-01   4.884899E+00
 1.418110E-01   0.000000E+00   0.000000E+00   0.000000E+00   2.845662E-01   7.154338E-01   5.579583E+00
 2.281801E-01   0.000000E+00   0.000000E+00   0.000000E+00   2.541963E-01   7.458037E-01   6.467018E+00
 3.152702E-01   0.000000E+00   0.000000E+00   0.000000E+00   2.244715E-01   7.755285E-01   7.575386E+00
 4.021325E-01   0.000000E+00   0.000000E+00   0.000000E+00   1.938057E-01   8.061943E-01   9.086207E+00
 4.879386E-01   0.000000E+00   0.000000E+00   0.000000E+00   1.689577E-01   8.310423E-01   1.072479E+01
 5.717072E-01   0.000000E+00   0.000000E+00   0.000000E+00   1.556300E-01   8.443700E-01   1.182533E+01
 6.526983E-01   0.000000E+00   0.000000E+00   0.000000E+00   1.471222E-01   8.528778E-01   1.263489E+01
 7.303505E-01   0.000000E+00   0.000000E+00   0.000000E+00   1.361722E-01   8.638278E-01   1.382960E+01
 8.038712E-01   0.000000E+00   0.000000E+00   0.000000E+00   1.208427E-01   8.791573E-01   1.587539E+01
 8.722292E-01   0.000000E+00   0.000000E+00   0.000000E+00   1.014790E-01   8.985210E-01   1.936616E+01
 9.336422E-01   0.000000E+00   0.000000E+00   0.000000E+00   7.905444E-02   9.209456E-01   2.560117E+01
 r/a            s_alpha        s_alpha_i      s_alpha_e      frac_ai        frac_ae        E_alpha/E_c
                (MW/cm^3)      (MW/cm^3)      (MW/cm^3)                                    
 0.000000E+00   0.000000E+00   0.000000E+00   0.000000E+00   3.258426E-01   6.741574E-01   4.645242E+00
 6.094811E-02   0.000000E+00   0.000000E+00   0.000000E+00   3.141824E-01   6.858176E-01   4.883597E+00
 1.418110E-01   0.000000E+00   0.000000E+00   0.000000E+00   2.845483E-01   7.154517E-01   5.580048E+00
 2.281801E-01   0.000000E+00   0.000000E+00   0.000000E+00   2.541835E-01   7.458165E-01   6.467438E+00
 3.152702E-01   0.000000E+00   0.000000E+00   0.000000E+00   2.244489E-01   7.755511E-01   7.576343E+00
 4.021325E-01   0.000000E+00   0.000000E+00   0.000000E+00   1.937703E-01   8.062297E-01   9.088234E+00
 4.879386E-01   0.000000E+00   0.000000E+00   0.000000E+00   1.689097E-01   8.310903E-01   1.072843E+01
 5.717072E-01   0.000000E+00   0.000000E+00   0.000000E+00   1.556031E-01   8.443969E-01   1.182774E+01
 6.526983E-01   0.000000E+00   0.000000E+00   0.000000E+00   1.471244E-01   8.528756E-01   1.263467E+01
 7.303505E-01   0.000000E+00   0.000000E+00   0.000000E+00   1.361735E-01   8.638265E-01   1.382946E+01
 8.038712E-01   0.000000E+00   0.000000E+00   0.000000E+00   1.208435E-01   8.791565E-01   1.587527E+01
 8.722292E-01   0.000000E+00   0.000000E+00   0.000000E+00   1.014794E-01   8.985206E-01   1.936608E+01
 9.336422E-01   0.000000E+00   0.000000E+00   0.000000E+00   7.905444E-02   9.209456E-01   2.560117E+01
 r/a            s_alpha        s_alpha_i      s_alpha_e      frac_ai        frac_ae        E_alpha/E_c
                (MW/cm^3)      (MW/cm^3)      (MW/cm^3)                                    
 0.000000E+00   0.000000E+00   0.000000E+00   0.000000E+00   3.258426E-01   6.741574E-01   4.645242E+00
 6.094811E-02   0.000000E+00   0.000000E+00   0.000000E+00   3.141824E-01   6.858176E-01   4.883597E+00
 1.418110E-01   0.000000E+00   0.000000E+00   0.000000E+00   2.845483E-01   7.154517E-01   5.580048E+00
 2.281801E-01   0.000000E+00   0.000000E+00   0.000000E+00   2.541835E-01   7.458165E-01   6.467438E+00
 3.152702E-01   0.000000E+00   0.000000E+00   0.000000E+00   2.244489E-01   7.755511E-01   7.576343E+00
 4.021325E-01   0.000000E+00   0.000000E+00   0.000000E+00   1.937703E-01   8.062297E-01   9.088234E+00
 4.879386E-01   0.000000E+00   0.000000E+00   0.000000E+00   1.689097E-01   8.310903E-01   1.072843E+01
 5.717072E-01   0.000000E+00   0.000000E+00   0.000000E+00   1.556031E-01   8.443969E-01   1.182774E+01
 6.526983E-01   0.000000E+00   0.000000E+00   0.000000E+00   1.471244E-01   8.528756E-01   1.263467E+01
 7.303505E-01   0.000000E+00   0.000000E+00   0.000000E+00   1.361735E-01   8.638265E-01   1.382946E+01
 8.038712E-01   0.000000E+00   0.000000E+00   0.000000E+00   1.208435E-01   8.791565E-01   1.587527E+01
 8.722292E-01   0.000000E+00   0.000000E+00   0.000000E+00   1.014794E-01   8.985206E-01   1.936608E+01
 9.336422E-01   0.000000E+00   0.000000E+00   0.000000E+00   7.905444E-02   9.209456E-01   2.560117E+01
 r/a            s_alpha        s_alpha_i      s_alpha_e      frac_ai        frac_ae        E_alpha/E_c
                (MW/cm^3)      (MW/cm^3)      (MW/cm^3)                                    
 0.000000E+00   0.000000E+00   0.000000E+00   0.000000E+00   3.264901E-01   6.735099E-01   4.632520E+00
 6.094811E-02   0.000000E+00   0.000000E+00   0.000000E+00   3.145838E-01   6.854162E-01   4.875088E+00
 1.418110E-01   0.000000E+00   0.000000E+00   0.000000E+00   2.846472E-01   7.153528E-01   5.577477E+00
 2.281801E-01   0.000000E+00   0.000000E+00   0.000000E+00   2.542903E-01   7.457097E-01   6.463936E+00
 3.152702E-01   0.000000E+00   0.000000E+00   0.000000E+00   2.245167E-01   7.754833E-01   7.573472E+00
 4.021325E-01   0.000000E+00   0.000000E+00   0.000000E+00   1.937982E-01   8.062018E-01   9.086639E+00
 4.879386E-01   0.000000E+00   0.000000E+00   0.000000E+00   1.689376E-01   8.310624E-01   1.072631E+01
 5.717072E-01   0.000000E+00   0.000000E+00   0.000000E+00   1.556164E-01   8.443836E-01   1.182655E+01
 6.526983E-01   0.000000E+00   0.000000E+00   0.000000E+00   1.471226E-01   8.528774E-01   1.263486E+01
 7.303505E-01   0.000000E+00   0.000000E+00   0.000000E+00   1.361727E-01   8.638273E-01   1.382955E+01
 8.038712E-01   0.000000E+00   0.000000E+00   0.000000E+00   1.208435E-01   8.791565E-01   1.587527E+01
 8.722292E-01   0.000000E+00   0.000000E+00   0.000000E+00   1.014795E-01   8.985205E-01   1.936606E+01
 9.336422E-01   0.000000E+00   0.000000E+00   0.000000E+00   7.905444E-02   9.209456E-01   2.560117E+01
 r/a            s_alpha        s_alpha_i      s_alpha_e      frac_ai        frac_ae        E_alpha/E_c
                (MW/cm^3)      (MW/cm^3)      (MW/cm^3)                                    
 0.000000E+00   0.000000E+00   0.000000E+00   0.000000E+00   3.277030E-01   6.722970E-01   4.608828E+00
 6.094811E-02   0.000000E+00   0.000000E+00   0.000000E+00   3.153423E-01   6.846577E-01   4.859072E+00
 1.418110E-01   0.000000E+00   0.000000E+00   0.000000E+00   2.848865E-01   7.151135E-01   5.571260E+00
 2.281801E-01   0.000000E+00   0.000000E+00   0.000000E+00   2.546587E-01   7.453413E-01   6.451872E+00
 3.152702E-01   0.000000E+00   0.000000E+00   0.000000E+00   2.246826E-01   7.753174E-01   7.566451E+00
 4.021325E-01   0.000000E+00   0.000000E+00   0.000000E+00   1.937293E-01   8.062707E-01   9.090588E+00
 4.879386E-01   0.000000E+00   0.000000E+00   0.000000E+00   1.689068E-01   8.310932E-01   1.072865E+01
 5.717072E-01   0.000000E+00   0.000000E+00   0.000000E+00   1.555984E-01   8.444016E-01   1.182817E+01
 6.526983E-01   0.000000E+00   0.000000E+00   0.000000E+00   1.471034E-01   8.528966E-01   1.263679E+01
 7.303505E-01   0.000000E+00   0.000000E+00   0.000000E+00   1.361670E-01   8.638330E-01   1.383022E+01
 8.038712E-01   0.000000E+00   0.000000E+00   0.000000E+00   1.208447E-01   8.791553E-01   1.587509E+01
 8.722292E-01   0.000000E+00   0.000000E+00   0.000000E+00   1.014811E-01   8.985189E-01   1.936571E+01
 9.336422E-01   0.000000E+00   0.000000E+00   0.000000E+00   7.905444E-02   9.209456E-01   2.560117E+01
 r/a            s_alpha        s_alpha_i      s_alpha_e      frac_ai        frac_ae        E_alpha/E_c
                (MW/cm^3)      (MW/cm^3)      (MW/cm^3)                                    
 0.000000E+00   0.000000E+00   0.000000E+00   0.000000E+00   3.277805E-01   6.722195E-01   4.607320E+00
 6.094811E-02   0.000000E+00   0.000000E+00   0.000000E+00   3.153807E-01   6.846193E-01   4.858264E+00
 1.418110E-01   0.000000E+00   0.000000E+00   0.000000E+00   2.848912E-01   7.151088E-01   5.571137E+00
 2.281801E-01   0.000000E+00   0.000000E+00   0.000000E+00   2.546782E-01   7.453218E-01   6.451237E+00
 3.152702E-01   0.000000E+00   0.000000E+00   0.000000E+00   2.246932E-01   7.753068E-01   7.566003E+00
 4.021325E-01   0.000000E+00   0.000000E+00   0.000000E+00   1.937326E-01   8.062674E-01   9.090399E+00
 4.879386E-01   0.000000E+00   0.000000E+00   0.000000E+00   1.689116E-01   8.310884E-01   1.072829E+01
 5.717072E-01   0.000000E+00   0.000000E+00   0.000000E+00   1.556015E-01   8.443985E-01   1.182789E+01
 6.526983E-01   0.000000E+00   0.000000E+00   0.000000E+00   1.471037E-01   8.528963E-01   1.263676E+01
 7.303505E-01   0.000000E+00   0.000000E+00   0.000000E+00   1.361671E-01   8.638329E-01   1.383022E+01
 8.038712E-01   0.000000E+00   0.000000E+00   0.000000E+00   1.208447E-01   8.791553E-01   1.587509E+01
 8.722292E-01   0.000000E+00   0.000000E+00   0.000000E+00   1.014811E-01   8.985189E-01   1.936571E+01
 9.336422E-01   0.000000E+00   0.000000E+00   0.000000E+00   7.905444E-02   9.209456E-01   2.560117E+01
