 r/a            s_alpha        s_alpha_i      s_alpha_e      frac_ai        frac_ae        E_alpha/E_c
                (MW/cm^3)      (MW/cm^3)      (MW/cm^3)                                    
 0.000000E+00   0.000000E+00   0.000000E+00   0.000000E+00   2.694140E-01   7.305860E-01   5.996637E+00
 7.460002E-02   0.000000E+00   0.000000E+00   0.000000E+00   2.674794E-01   7.325206E-01   6.053387E+00
 1.535479E-01   0.000000E+00   0.000000E+00   0.000000E+00   2.646805E-01   7.353195E-01   6.136995E+00
 2.369344E-01   0.000000E+00   0.000000E+00   0.000000E+00   2.549429E-01   7.450571E-01   6.442593E+00
 3.252301E-01   0.000000E+00   0.000000E+00   0.000000E+00   2.300623E-01   7.699377E-01   7.344437E+00
 4.126685E-01   0.000000E+00   0.000000E+00   0.000000E+00   2.035615E-01   7.964385E-01   8.554860E+00
 4.980717E-01   0.000000E+00   0.000000E+00   0.000000E+00   1.814415E-01   8.185585E-01   9.844011E+00
 5.807436E-01   0.000000E+00   0.000000E+00   0.000000E+00   1.618227E-01   8.381773E-01   1.129085E+01
 6.599254E-01   0.000000E+00   0.000000E+00   0.000000E+00   1.443815E-01   8.556185E-01   1.291651E+01
 7.353664E-01   0.000000E+00   0.000000E+00   0.000000E+00   1.274149E-01   8.725851E-01   1.493662E+01
 8.065995E-01   0.000000E+00   0.000000E+00   0.000000E+00   1.110761E-01   8.889239E-01   1.748062E+01
 8.730035E-01   0.000000E+00   0.000000E+00   0.000000E+00   9.379108E-02   9.062089E-01   2.116136E+01
 9.337426E-01   0.000000E+00   0.000000E+00   0.000000E+00   7.902231E-02   9.209777E-01   2.561270E+01
 r/a            s_alpha        s_alpha_i      s_alpha_e      frac_ai        frac_ae        E_alpha/E_c
                (MW/cm^3)      (MW/cm^3)      (MW/cm^3)                                    
 0.000000E+00   0.000000E+00   0.000000E+00   0.000000E+00   2.678105E-01   7.321895E-01   6.043613E+00
 7.460002E-02   0.000000E+00   0.000000E+00   0.000000E+00   2.663391E-01   7.336609E-01   6.087231E+00
 1.535479E-01   0.000000E+00   0.000000E+00   0.000000E+00   2.641790E-01   7.358210E-01   6.152169E+00
 2.369344E-01   0.000000E+00   0.000000E+00   0.000000E+00   2.546843E-01   7.453157E-01   6.451036E+00
 3.252301E-01   0.000000E+00   0.000000E+00   0.000000E+00   2.299372E-01   7.700628E-01   7.349478E+00
 4.126685E-01   0.000000E+00   0.000000E+00   0.000000E+00   2.035105E-01   7.964895E-01   8.557499E+00
 4.980717E-01   0.000000E+00   0.000000E+00   0.000000E+00   1.814328E-01   8.185672E-01   9.844580E+00
 5.807436E-01   0.000000E+00   0.000000E+00   0.000000E+00   1.618372E-01   8.381628E-01   1.128965E+01
 6.599254E-01   0.000000E+00   0.000000E+00   0.000000E+00   1.444052E-01   8.555948E-01   1.291403E+01
 7.353664E-01   0.000000E+00   0.000000E+00   0.000000E+00   1.274421E-01   8.725579E-01   1.493294E+01
 8.065995E-01   0.000000E+00   0.000000E+00   0.000000E+00   1.111029E-01   8.888971E-01   1.747582E+01
 8.730035E-01   0.000000E+00   0.000000E+00   0.000000E+00   9.382094E-02   9.061791E-01   2.115381E+01
 9.337426E-01   0.000000E+00   0.000000E+00   0.000000E+00   7.902231E-02   9.209777E-01   2.561270E+01
 r/a            s_alpha        s_alpha_i      s_alpha_e      frac_ai        frac_ae        E_alpha/E_c
                (MW/cm^3)      (MW/cm^3)      (MW/cm^3)                                    
 0.000000E+00   0.000000E+00   0.000000E+00   0.000000E+00   2.658971E-01   7.341029E-01   6.100430E+00
 7.460002E-02   0.000000E+00   0.000000E+00   0.000000E+00   2.644510E-01   7.355490E-01   6.143933E+00
 1.535479E-01   0.000000E+00   0.000000E+00   0.000000E+00   2.628585E-01   7.371415E-01   6.192407E+00
 2.369344E-01   0.000000E+00   0.000000E+00   0.000000E+00   2.542727E-01   7.457273E-01   6.464513E+00
 3.252301E-01   0.000000E+00   0.000000E+00   0.000000E+00   2.298765E-01   7.701235E-01   7.351927E+00
 4.126685E-01   0.000000E+00   0.000000E+00   0.000000E+00   2.034912E-01   7.965088E-01   8.558499E+00
 4.980717E-01   0.000000E+00   0.000000E+00   0.000000E+00   1.814576E-01   8.185424E-01   9.842955E+00
 5.807436E-01   0.000000E+00   0.000000E+00   0.000000E+00   1.618687E-01   8.381313E-01   1.128704E+01
 6.599254E-01   0.000000E+00   0.000000E+00   0.000000E+00   1.444258E-01   8.555742E-01   1.291188E+01
 7.353664E-01   0.000000E+00   0.000000E+00   0.000000E+00   1.274558E-01   8.725442E-01   1.493109E+01
 8.065995E-01   0.000000E+00   0.000000E+00   0.000000E+00   1.111103E-01   8.888897E-01   1.747450E+01
 8.730035E-01   0.000000E+00   0.000000E+00   0.000000E+00   9.382502E-02   9.061750E-01   2.115278E+01
 9.337426E-01   0.000000E+00   0.000000E+00   0.000000E+00   7.902231E-02   9.209777E-01   2.561270E+01
 r/a            s_alpha        s_alpha_i      s_alpha_e      frac_ai        frac_ae        E_alpha/E_c
                (MW/cm^3)      (MW/cm^3)      (MW/cm^3)                                    
 0.000000E+00   0.000000E+00   0.000000E+00   0.000000E+00   2.658971E-01   7.341029E-01   6.100430E+00
 7.460002E-02   0.000000E+00   0.000000E+00   0.000000E+00   2.644510E-01   7.355490E-01   6.143933E+00
 1.535479E-01   0.000000E+00   0.000000E+00   0.000000E+00   2.628585E-01   7.371415E-01   6.192407E+00
 2.369344E-01   0.000000E+00   0.000000E+00   0.000000E+00   2.542727E-01   7.457273E-01   6.464513E+00
 3.252301E-01   0.000000E+00   0.000000E+00   0.000000E+00   2.298765E-01   7.701235E-01   7.351927E+00
 4.126685E-01   0.000000E+00   0.000000E+00   0.000000E+00   2.034912E-01   7.965088E-01   8.558499E+00
 4.980717E-01   0.000000E+00   0.000000E+00   0.000000E+00   1.814576E-01   8.185424E-01   9.842955E+00
 5.807436E-01   0.000000E+00   0.000000E+00   0.000000E+00   1.618687E-01   8.381313E-01   1.128704E+01
 6.599254E-01   0.000000E+00   0.000000E+00   0.000000E+00   1.444258E-01   8.555742E-01   1.291188E+01
 7.353664E-01   0.000000E+00   0.000000E+00   0.000000E+00   1.274558E-01   8.725442E-01   1.493109E+01
 8.065995E-01   0.000000E+00   0.000000E+00   0.000000E+00   1.111103E-01   8.888897E-01   1.747450E+01
 8.730035E-01   0.000000E+00   0.000000E+00   0.000000E+00   9.382502E-02   9.061750E-01   2.115278E+01
 9.337426E-01   0.000000E+00   0.000000E+00   0.000000E+00   7.902231E-02   9.209777E-01   2.561270E+01
 r/a            s_alpha        s_alpha_i      s_alpha_e      frac_ai        frac_ae        E_alpha/E_c
                (MW/cm^3)      (MW/cm^3)      (MW/cm^3)                                    
 0.000000E+00   0.000000E+00   0.000000E+00   0.000000E+00   2.658971E-01   7.341029E-01   6.100430E+00
 7.460002E-02   0.000000E+00   0.000000E+00   0.000000E+00   2.644510E-01   7.355490E-01   6.143933E+00
 1.535479E-01   0.000000E+00   0.000000E+00   0.000000E+00   2.628585E-01   7.371415E-01   6.192407E+00
 2.369344E-01   0.000000E+00   0.000000E+00   0.000000E+00   2.542727E-01   7.457273E-01   6.464513E+00
 3.252301E-01   0.000000E+00   0.000000E+00   0.000000E+00   2.298765E-01   7.701235E-01   7.351927E+00
 4.126685E-01   0.000000E+00   0.000000E+00   0.000000E+00   2.034912E-01   7.965088E-01   8.558499E+00
 4.980717E-01   0.000000E+00   0.000000E+00   0.000000E+00   1.814576E-01   8.185424E-01   9.842955E+00
 5.807436E-01   0.000000E+00   0.000000E+00   0.000000E+00   1.618687E-01   8.381313E-01   1.128704E+01
 6.599254E-01   0.000000E+00   0.000000E+00   0.000000E+00   1.444258E-01   8.555742E-01   1.291188E+01
 7.353664E-01   0.000000E+00   0.000000E+00   0.000000E+00   1.274558E-01   8.725442E-01   1.493109E+01
 8.065995E-01   0.000000E+00   0.000000E+00   0.000000E+00   1.111103E-01   8.888897E-01   1.747450E+01
 8.730035E-01   0.000000E+00   0.000000E+00   0.000000E+00   9.382502E-02   9.061750E-01   2.115278E+01
 9.337426E-01   0.000000E+00   0.000000E+00   0.000000E+00   7.902231E-02   9.209777E-01   2.561270E+01
 r/a            s_alpha        s_alpha_i      s_alpha_e      frac_ai        frac_ae        E_alpha/E_c
                (MW/cm^3)      (MW/cm^3)      (MW/cm^3)                                    
 0.000000E+00   0.000000E+00   0.000000E+00   0.000000E+00   2.658971E-01   7.341029E-01   6.100430E+00
 7.460002E-02   0.000000E+00   0.000000E+00   0.000000E+00   2.644510E-01   7.355490E-01   6.143933E+00
 1.535479E-01   0.000000E+00   0.000000E+00   0.000000E+00   2.628585E-01   7.371415E-01   6.192407E+00
 2.369344E-01   0.000000E+00   0.000000E+00   0.000000E+00   2.542727E-01   7.457273E-01   6.464513E+00
 3.252301E-01   0.000000E+00   0.000000E+00   0.000000E+00   2.298765E-01   7.701235E-01   7.351927E+00
 4.126685E-01   0.000000E+00   0.000000E+00   0.000000E+00   2.034912E-01   7.965088E-01   8.558499E+00
 4.980717E-01   0.000000E+00   0.000000E+00   0.000000E+00   1.814576E-01   8.185424E-01   9.842955E+00
 5.807436E-01   0.000000E+00   0.000000E+00   0.000000E+00   1.618687E-01   8.381313E-01   1.128704E+01
 6.599254E-01   0.000000E+00   0.000000E+00   0.000000E+00   1.444258E-01   8.555742E-01   1.291188E+01
 7.353664E-01   0.000000E+00   0.000000E+00   0.000000E+00   1.274558E-01   8.725442E-01   1.493109E+01
 8.065995E-01   0.000000E+00   0.000000E+00   0.000000E+00   1.111103E-01   8.888897E-01   1.747450E+01
 8.730035E-01   0.000000E+00   0.000000E+00   0.000000E+00   9.382502E-02   9.061750E-01   2.115278E+01
 9.337426E-01   0.000000E+00   0.000000E+00   0.000000E+00   7.902231E-02   9.209777E-01   2.561270E+01
 r/a            s_alpha        s_alpha_i      s_alpha_e      frac_ai        frac_ae        E_alpha/E_c
                (MW/cm^3)      (MW/cm^3)      (MW/cm^3)                                    
 0.000000E+00   0.000000E+00   0.000000E+00   0.000000E+00   2.658971E-01   7.341029E-01   6.100430E+00
 7.460002E-02   0.000000E+00   0.000000E+00   0.000000E+00   2.644510E-01   7.355490E-01   6.143933E+00
 1.535479E-01   0.000000E+00   0.000000E+00   0.000000E+00   2.628585E-01   7.371415E-01   6.192407E+00
 2.369344E-01   0.000000E+00   0.000000E+00   0.000000E+00   2.542727E-01   7.457273E-01   6.464513E+00
 3.252301E-01   0.000000E+00   0.000000E+00   0.000000E+00   2.298765E-01   7.701235E-01   7.351927E+00
 4.126685E-01   0.000000E+00   0.000000E+00   0.000000E+00   2.034912E-01   7.965088E-01   8.558499E+00
 4.980717E-01   0.000000E+00   0.000000E+00   0.000000E+00   1.814576E-01   8.185424E-01   9.842955E+00
 5.807436E-01   0.000000E+00   0.000000E+00   0.000000E+00   1.618687E-01   8.381313E-01   1.128704E+01
 6.599254E-01   0.000000E+00   0.000000E+00   0.000000E+00   1.444258E-01   8.555742E-01   1.291188E+01
 7.353664E-01   0.000000E+00   0.000000E+00   0.000000E+00   1.274558E-01   8.725442E-01   1.493109E+01
 8.065995E-01   0.000000E+00   0.000000E+00   0.000000E+00   1.111103E-01   8.888897E-01   1.747450E+01
 8.730035E-01   0.000000E+00   0.000000E+00   0.000000E+00   9.382502E-02   9.061750E-01   2.115278E+01
 9.337426E-01   0.000000E+00   0.000000E+00   0.000000E+00   7.902231E-02   9.209777E-01   2.561270E+01
 r/a            s_alpha        s_alpha_i      s_alpha_e      frac_ai        frac_ae        E_alpha/E_c
                (MW/cm^3)      (MW/cm^3)      (MW/cm^3)                                    
 0.000000E+00   0.000000E+00   0.000000E+00   0.000000E+00   2.658971E-01   7.341029E-01   6.100430E+00
 7.460002E-02   0.000000E+00   0.000000E+00   0.000000E+00   2.644510E-01   7.355490E-01   6.143933E+00
 1.535479E-01   0.000000E+00   0.000000E+00   0.000000E+00   2.628585E-01   7.371415E-01   6.192407E+00
 2.369344E-01   0.000000E+00   0.000000E+00   0.000000E+00   2.542727E-01   7.457273E-01   6.464513E+00
 3.252301E-01   0.000000E+00   0.000000E+00   0.000000E+00   2.298765E-01   7.701235E-01   7.351927E+00
 4.126685E-01   0.000000E+00   0.000000E+00   0.000000E+00   2.034912E-01   7.965088E-01   8.558499E+00
 4.980717E-01   0.000000E+00   0.000000E+00   0.000000E+00   1.814576E-01   8.185424E-01   9.842955E+00
 5.807436E-01   0.000000E+00   0.000000E+00   0.000000E+00   1.618687E-01   8.381313E-01   1.128704E+01
 6.599254E-01   0.000000E+00   0.000000E+00   0.000000E+00   1.444258E-01   8.555742E-01   1.291188E+01
 7.353664E-01   0.000000E+00   0.000000E+00   0.000000E+00   1.274558E-01   8.725442E-01   1.493109E+01
 8.065995E-01   0.000000E+00   0.000000E+00   0.000000E+00   1.111103E-01   8.888897E-01   1.747450E+01
 8.730035E-01   0.000000E+00   0.000000E+00   0.000000E+00   9.382502E-02   9.061750E-01   2.115278E+01
 9.337426E-01   0.000000E+00   0.000000E+00   0.000000E+00   7.902231E-02   9.209777E-01   2.561270E+01
 r/a            s_alpha        s_alpha_i      s_alpha_e      frac_ai        frac_ae        E_alpha/E_c
                (MW/cm^3)      (MW/cm^3)      (MW/cm^3)                                    
 0.000000E+00   0.000000E+00   0.000000E+00   0.000000E+00   2.658971E-01   7.341029E-01   6.100430E+00
 7.460002E-02   0.000000E+00   0.000000E+00   0.000000E+00   2.644510E-01   7.355490E-01   6.143933E+00
 1.535479E-01   0.000000E+00   0.000000E+00   0.000000E+00   2.628585E-01   7.371415E-01   6.192407E+00
 2.369344E-01   0.000000E+00   0.000000E+00   0.000000E+00   2.542727E-01   7.457273E-01   6.464513E+00
 3.252301E-01   0.000000E+00   0.000000E+00   0.000000E+00   2.298765E-01   7.701235E-01   7.351927E+00
 4.126685E-01   0.000000E+00   0.000000E+00   0.000000E+00   2.034912E-01   7.965088E-01   8.558499E+00
 4.980717E-01   0.000000E+00   0.000000E+00   0.000000E+00   1.814576E-01   8.185424E-01   9.842955E+00
 5.807436E-01   0.000000E+00   0.000000E+00   0.000000E+00   1.618687E-01   8.381313E-01   1.128704E+01
 6.599254E-01   0.000000E+00   0.000000E+00   0.000000E+00   1.444258E-01   8.555742E-01   1.291188E+01
 7.353664E-01   0.000000E+00   0.000000E+00   0.000000E+00   1.274558E-01   8.725442E-01   1.493109E+01
 8.065995E-01   0.000000E+00   0.000000E+00   0.000000E+00   1.111103E-01   8.888897E-01   1.747450E+01
 8.730035E-01   0.000000E+00   0.000000E+00   0.000000E+00   9.382502E-02   9.061750E-01   2.115278E+01
 9.337426E-01   0.000000E+00   0.000000E+00   0.000000E+00   7.902231E-02   9.209777E-01   2.561270E+01
 r/a            s_alpha        s_alpha_i      s_alpha_e      frac_ai        frac_ae        E_alpha/E_c
                (MW/cm^3)      (MW/cm^3)      (MW/cm^3)                                    
 0.000000E+00   0.000000E+00   0.000000E+00   0.000000E+00   2.642828E-01   7.357172E-01   6.149024E+00
 7.460002E-02   0.000000E+00   0.000000E+00   0.000000E+00   2.630802E-01   7.369198E-01   6.185623E+00
 1.535479E-01   0.000000E+00   0.000000E+00   0.000000E+00   2.619102E-01   7.380898E-01   6.221559E+00
 2.369344E-01   0.000000E+00   0.000000E+00   0.000000E+00   2.536117E-01   7.463883E-01   6.486246E+00
 3.252301E-01   0.000000E+00   0.000000E+00   0.000000E+00   2.294058E-01   7.705942E-01   7.370956E+00
 4.126685E-01   0.000000E+00   0.000000E+00   0.000000E+00   2.031319E-01   7.968681E-01   8.577155E+00
 4.980717E-01   0.000000E+00   0.000000E+00   0.000000E+00   1.811638E-01   8.188362E-01   9.862252E+00
 5.807436E-01   0.000000E+00   0.000000E+00   0.000000E+00   1.616023E-01   8.383977E-01   1.130915E+01
 6.599254E-01   0.000000E+00   0.000000E+00   0.000000E+00   1.441529E-01   8.558471E-01   1.294051E+01
 7.353664E-01   0.000000E+00   0.000000E+00   0.000000E+00   1.271680E-01   8.728320E-01   1.497009E+01
 8.065995E-01   0.000000E+00   0.000000E+00   0.000000E+00   1.107854E-01   8.892146E-01   1.753284E+01
 8.730035E-01   0.000000E+00   0.000000E+00   0.000000E+00   9.347038E-02   9.065296E-01   2.124280E+01
 9.337426E-01   0.000000E+00   0.000000E+00   0.000000E+00   7.902231E-02   9.209777E-01   2.561270E+01
 r/a            s_alpha        s_alpha_i      s_alpha_e      frac_ai        frac_ae        E_alpha/E_c
                (MW/cm^3)      (MW/cm^3)      (MW/cm^3)                                    
 0.000000E+00   0.000000E+00   0.000000E+00   0.000000E+00   2.470966E-01   7.529034E-01   6.706863E+00
 7.460002E-02   0.000000E+00   0.000000E+00   0.000000E+00   2.495580E-01   7.504420E-01   6.622121E+00
 1.535479E-01   0.000000E+00   0.000000E+00   0.000000E+00   2.545693E-01   7.454307E-01   6.454796E+00
 2.369344E-01   0.000000E+00   0.000000E+00   0.000000E+00   2.501255E-01   7.498745E-01   6.602828E+00
 3.252301E-01   0.000000E+00   0.000000E+00   0.000000E+00   2.280593E-01   7.719407E-01   7.425842E+00
 4.126685E-01   0.000000E+00   0.000000E+00   0.000000E+00   2.029074E-01   7.970926E-01   8.588844E+00
 4.980717E-01   0.000000E+00   0.000000E+00   0.000000E+00   1.816436E-01   8.183564E-01   9.830771E+00
 5.807436E-01   0.000000E+00   0.000000E+00   0.000000E+00   1.623348E-01   8.376652E-01   1.124852E+01
 6.599254E-01   0.000000E+00   0.000000E+00   0.000000E+00   1.448668E-01   8.551332E-01   1.286586E+01
 7.353664E-01   0.000000E+00   0.000000E+00   0.000000E+00   1.278732E-01   8.721268E-01   1.487484E+01
 8.065995E-01   0.000000E+00   0.000000E+00   0.000000E+00   1.114684E-01   8.885316E-01   1.741060E+01
 8.730035E-01   0.000000E+00   0.000000E+00   0.000000E+00   9.430012E-02   9.056999E-01   2.103326E+01
 9.337426E-01   0.000000E+00   0.000000E+00   0.000000E+00   7.902231E-02   9.209777E-01   2.561270E+01
 r/a            s_alpha        s_alpha_i      s_alpha_e      frac_ai        frac_ae        E_alpha/E_c
                (MW/cm^3)      (MW/cm^3)      (MW/cm^3)                                    
 0.000000E+00   0.000000E+00   0.000000E+00   0.000000E+00   2.470697E-01   7.529303E-01   6.707796E+00
 7.460002E-02   0.000000E+00   0.000000E+00   0.000000E+00   2.495309E-01   7.504691E-01   6.623047E+00
 1.535479E-01   0.000000E+00   0.000000E+00   0.000000E+00   2.545361E-01   7.454639E-01   6.455885E+00
 2.369344E-01   0.000000E+00   0.000000E+00   0.000000E+00   2.501016E-01   7.498984E-01   6.603638E+00
 3.252301E-01   0.000000E+00   0.000000E+00   0.000000E+00   2.280660E-01   7.719340E-01   7.425565E+00
 4.126685E-01   0.000000E+00   0.000000E+00   0.000000E+00   2.029263E-01   7.970737E-01   8.587858E+00
 4.980717E-01   0.000000E+00   0.000000E+00   0.000000E+00   1.816657E-01   8.183343E-01   9.829328E+00
 5.807436E-01   0.000000E+00   0.000000E+00   0.000000E+00   1.623495E-01   8.376505E-01   1.124731E+01
 6.599254E-01   0.000000E+00   0.000000E+00   0.000000E+00   1.448654E-01   8.551346E-01   1.286601E+01
 7.353664E-01   0.000000E+00   0.000000E+00   0.000000E+00   1.278676E-01   8.721324E-01   1.487559E+01
 8.065995E-01   0.000000E+00   0.000000E+00   0.000000E+00   1.114609E-01   8.885391E-01   1.741194E+01
 8.730035E-01   0.000000E+00   0.000000E+00   0.000000E+00   9.430444E-02   9.056956E-01   2.103218E+01
 9.337426E-01   0.000000E+00   0.000000E+00   0.000000E+00   7.902231E-02   9.209777E-01   2.561270E+01
 r/a            s_alpha        s_alpha_i      s_alpha_e      frac_ai        frac_ae        E_alpha/E_c
                (MW/cm^3)      (MW/cm^3)      (MW/cm^3)                                    
 0.000000E+00   0.000000E+00   0.000000E+00   0.000000E+00   2.597589E-01   7.402411E-01   6.288509E+00
 7.460002E-02   0.000000E+00   0.000000E+00   0.000000E+00   2.602689E-01   7.397311E-01   6.272534E+00
 1.535479E-01   0.000000E+00   0.000000E+00   0.000000E+00   2.592795E-01   7.407205E-01   6.303582E+00
 2.369344E-01   0.000000E+00   0.000000E+00   0.000000E+00   2.501669E-01   7.498331E-01   6.601424E+00
 3.252301E-01   0.000000E+00   0.000000E+00   0.000000E+00   2.282278E-01   7.717722E-01   7.418936E+00
 4.126685E-01   0.000000E+00   0.000000E+00   0.000000E+00   2.033647E-01   7.966353E-01   8.565062E+00
 4.980717E-01   0.000000E+00   0.000000E+00   0.000000E+00   1.820412E-01   8.179588E-01   9.804815E+00
 5.807436E-01   0.000000E+00   0.000000E+00   0.000000E+00   1.625437E-01   8.374563E-01   1.123134E+01
 6.599254E-01   0.000000E+00   0.000000E+00   0.000000E+00   1.445169E-01   8.554831E-01   1.290235E+01
 7.353664E-01   0.000000E+00   0.000000E+00   0.000000E+00   1.273804E-01   8.726196E-01   1.494129E+01
 8.065995E-01   0.000000E+00   0.000000E+00   0.000000E+00   1.108840E-01   8.891160E-01   1.751509E+01
 8.730035E-01   0.000000E+00   0.000000E+00   0.000000E+00   9.413134E-02   9.058687E-01   2.107558E+01
 9.337426E-01   0.000000E+00   0.000000E+00   0.000000E+00   7.902231E-02   9.209777E-01   2.561270E+01
 r/a            s_alpha        s_alpha_i      s_alpha_e      frac_ai        frac_ae        E_alpha/E_c
                (MW/cm^3)      (MW/cm^3)      (MW/cm^3)                                    
 0.000000E+00   0.000000E+00   0.000000E+00   0.000000E+00   2.681523E-01   7.318477E-01   6.033551E+00
 7.460002E-02   0.000000E+00   0.000000E+00   0.000000E+00   2.671755E-01   7.328245E-01   6.062377E+00
 1.535479E-01   0.000000E+00   0.000000E+00   0.000000E+00   2.662618E-01   7.337382E-01   6.089538E+00
 2.369344E-01   0.000000E+00   0.000000E+00   0.000000E+00   2.545500E-01   7.454500E-01   6.455429E+00
 3.252301E-01   0.000000E+00   0.000000E+00   0.000000E+00   2.286027E-01   7.713973E-01   7.403611E+00
 4.126685E-01   0.000000E+00   0.000000E+00   0.000000E+00   2.038068E-01   7.961932E-01   8.542172E+00
 4.980717E-01   0.000000E+00   0.000000E+00   0.000000E+00   1.824467E-01   8.175533E-01   9.778462E+00
 5.807436E-01   0.000000E+00   0.000000E+00   0.000000E+00   1.629090E-01   8.370910E-01   1.120138E+01
 6.599254E-01   0.000000E+00   0.000000E+00   0.000000E+00   1.446067E-01   8.553933E-01   1.289297E+01
 7.353664E-01   0.000000E+00   0.000000E+00   0.000000E+00   1.272904E-01   8.727096E-01   1.495348E+01
 8.065995E-01   0.000000E+00   0.000000E+00   0.000000E+00   1.103933E-01   8.896067E-01   1.760371E+01
 8.730035E-01   0.000000E+00   0.000000E+00   0.000000E+00   9.357175E-02   9.064283E-01   2.121700E+01
 9.337426E-01   0.000000E+00   0.000000E+00   0.000000E+00   7.902231E-02   9.209777E-01   2.561270E+01
 r/a            s_alpha        s_alpha_i      s_alpha_e      frac_ai        frac_ae        E_alpha/E_c
                (MW/cm^3)      (MW/cm^3)      (MW/cm^3)                                    
 0.000000E+00   0.000000E+00   0.000000E+00   0.000000E+00   2.735971E-01   7.264029E-01   5.876753E+00
 7.460002E-02   0.000000E+00   0.000000E+00   0.000000E+00   2.720180E-01   7.279820E-01   5.921564E+00
 1.535479E-01   0.000000E+00   0.000000E+00   0.000000E+00   2.712665E-01   7.287335E-01   5.943078E+00
 2.369344E-01   0.000000E+00   0.000000E+00   0.000000E+00   2.579011E-01   7.420989E-01   6.347246E+00
 3.252301E-01   0.000000E+00   0.000000E+00   0.000000E+00   2.296157E-01   7.703843E-01   7.362461E+00
 4.126685E-01   0.000000E+00   0.000000E+00   0.000000E+00   2.047625E-01   7.952375E-01   8.493038E+00
 4.980717E-01   0.000000E+00   0.000000E+00   0.000000E+00   1.832296E-01   8.167704E-01   9.727924E+00
 5.807436E-01   0.000000E+00   0.000000E+00   0.000000E+00   1.633649E-01   8.366351E-01   1.116420E+01
 6.599254E-01   0.000000E+00   0.000000E+00   0.000000E+00   1.447605E-01   8.552395E-01   1.287693E+01
 7.353664E-01   0.000000E+00   0.000000E+00   0.000000E+00   1.273717E-01   8.726283E-01   1.494247E+01
 8.065995E-01   0.000000E+00   0.000000E+00   0.000000E+00   1.104685E-01   8.895315E-01   1.759008E+01
 8.730035E-01   0.000000E+00   0.000000E+00   0.000000E+00   9.377780E-02   9.062222E-01   2.116472E+01
 9.337426E-01   0.000000E+00   0.000000E+00   0.000000E+00   7.902231E-02   9.209777E-01   2.561270E+01
 r/a            s_alpha        s_alpha_i      s_alpha_e      frac_ai        frac_ae        E_alpha/E_c
                (MW/cm^3)      (MW/cm^3)      (MW/cm^3)                                    
 0.000000E+00   0.000000E+00   0.000000E+00   0.000000E+00   2.784686E-01   7.215314E-01   5.741806E+00
 7.460002E-02   0.000000E+00   0.000000E+00   0.000000E+00   2.763102E-01   7.236898E-01   5.800994E+00
 1.535479E-01   0.000000E+00   0.000000E+00   0.000000E+00   2.708568E-01   7.291432E-01   5.954857E+00
 2.369344E-01   0.000000E+00   0.000000E+00   0.000000E+00   2.556832E-01   7.443168E-01   6.418520E+00
 3.252301E-01   0.000000E+00   0.000000E+00   0.000000E+00   2.306638E-01   7.693362E-01   7.320275E+00
 4.126685E-01   0.000000E+00   0.000000E+00   0.000000E+00   2.060540E-01   7.939460E-01   8.427383E+00
 4.980717E-01   0.000000E+00   0.000000E+00   0.000000E+00   1.839042E-01   8.160958E-01   9.684731E+00
 5.807436E-01   0.000000E+00   0.000000E+00   0.000000E+00   1.638153E-01   8.361847E-01   1.112768E+01
 6.599254E-01   0.000000E+00   0.000000E+00   0.000000E+00   1.450383E-01   8.549617E-01   1.284803E+01
 7.353664E-01   0.000000E+00   0.000000E+00   0.000000E+00   1.275050E-01   8.724950E-01   1.492443E+01
 8.065995E-01   0.000000E+00   0.000000E+00   0.000000E+00   1.106266E-01   8.893734E-01   1.756148E+01
 8.730035E-01   0.000000E+00   0.000000E+00   0.000000E+00   9.414376E-02   9.058562E-01   2.107246E+01
 9.337426E-01   0.000000E+00   0.000000E+00   0.000000E+00   7.902231E-02   9.209777E-01   2.561270E+01
 r/a            s_alpha        s_alpha_i      s_alpha_e      frac_ai        frac_ae        E_alpha/E_c
                (MW/cm^3)      (MW/cm^3)      (MW/cm^3)                                    
 0.000000E+00   0.000000E+00   0.000000E+00   0.000000E+00   2.874523E-01   7.125477E-01   5.505266E+00
 7.460002E-02   0.000000E+00   0.000000E+00   0.000000E+00   2.828626E-01   7.171374E-01   5.624182E+00
 1.535479E-01   0.000000E+00   0.000000E+00   0.000000E+00   2.777377E-01   7.222623E-01   5.761742E+00
 2.369344E-01   0.000000E+00   0.000000E+00   0.000000E+00   2.610050E-01   7.389950E-01   6.249591E+00
 3.252301E-01   0.000000E+00   0.000000E+00   0.000000E+00   2.320069E-01   7.679931E-01   7.266787E+00
 4.126685E-01   0.000000E+00   0.000000E+00   0.000000E+00   2.076420E-01   7.923580E-01   8.347802E+00
 4.980717E-01   0.000000E+00   0.000000E+00   0.000000E+00   1.850947E-01   8.149053E-01   9.609289E+00
 5.807436E-01   0.000000E+00   0.000000E+00   0.000000E+00   1.646874E-01   8.353126E-01   1.105754E+01
 6.599254E-01   0.000000E+00   0.000000E+00   0.000000E+00   1.456460E-01   8.543540E-01   1.278523E+01
 7.353664E-01   0.000000E+00   0.000000E+00   0.000000E+00   1.278993E-01   8.721007E-01   1.487133E+01
 8.065995E-01   0.000000E+00   0.000000E+00   0.000000E+00   1.109496E-01   8.890504E-01   1.750330E+01
 8.730035E-01   0.000000E+00   0.000000E+00   0.000000E+00   9.475949E-02   9.052405E-01   2.091886E+01
 9.337426E-01   0.000000E+00   0.000000E+00   0.000000E+00   7.902231E-02   9.209777E-01   2.561270E+01
 r/a            s_alpha        s_alpha_i      s_alpha_e      frac_ai        frac_ae        E_alpha/E_c
                (MW/cm^3)      (MW/cm^3)      (MW/cm^3)                                    
 0.000000E+00   0.000000E+00   0.000000E+00   0.000000E+00   2.955969E-01   7.044031E-01   5.303589E+00
 7.460002E-02   0.000000E+00   0.000000E+00   0.000000E+00   2.911813E-01   7.088187E-01   5.411488E+00
 1.535479E-01   0.000000E+00   0.000000E+00   0.000000E+00   2.819993E-01   7.180007E-01   5.646996E+00
 2.369344E-01   0.000000E+00   0.000000E+00   0.000000E+00   2.609413E-01   7.390587E-01   6.251571E+00
 3.252301E-01   0.000000E+00   0.000000E+00   0.000000E+00   2.325264E-01   7.674736E-01   7.246271E+00
 4.126685E-01   0.000000E+00   0.000000E+00   0.000000E+00   2.083823E-01   7.916177E-01   8.311132E+00
 4.980717E-01   0.000000E+00   0.000000E+00   0.000000E+00   1.856318E-01   8.143682E-01   9.575579E+00
 5.807436E-01   0.000000E+00   0.000000E+00   0.000000E+00   1.651539E-01   8.348461E-01   1.102033E+01
 6.599254E-01   0.000000E+00   0.000000E+00   0.000000E+00   1.459178E-01   8.540822E-01   1.275732E+01
 7.353664E-01   0.000000E+00   0.000000E+00   0.000000E+00   1.280426E-01   8.719574E-01   1.485211E+01
 8.065995E-01   0.000000E+00   0.000000E+00   0.000000E+00   1.110485E-01   8.889515E-01   1.748556E+01
 8.730035E-01   0.000000E+00   0.000000E+00   0.000000E+00   9.493059E-02   9.050694E-01   2.087654E+01
 9.337426E-01   0.000000E+00   0.000000E+00   0.000000E+00   7.902231E-02   9.209777E-01   2.561270E+01
 r/a            s_alpha        s_alpha_i      s_alpha_e      frac_ai        frac_ae        E_alpha/E_c
                (MW/cm^3)      (MW/cm^3)      (MW/cm^3)                                    
 0.000000E+00   0.000000E+00   0.000000E+00   0.000000E+00   3.057104E-01   6.942896E-01   5.068528E+00
 7.460002E-02   0.000000E+00   0.000000E+00   0.000000E+00   3.011192E-01   6.988808E-01   5.173225E+00
 1.535479E-01   0.000000E+00   0.000000E+00   0.000000E+00   2.873549E-01   7.126451E-01   5.507749E+00
 2.369344E-01   0.000000E+00   0.000000E+00   0.000000E+00   2.618268E-01   7.381732E-01   6.224133E+00
 3.252301E-01   0.000000E+00   0.000000E+00   0.000000E+00   2.334616E-01   7.665384E-01   7.209569E+00
 4.126685E-01   0.000000E+00   0.000000E+00   0.000000E+00   2.090126E-01   7.909874E-01   8.280118E+00
 4.980717E-01   0.000000E+00   0.000000E+00   0.000000E+00   1.861381E-01   8.138619E-01   9.543986E+00
 5.807436E-01   0.000000E+00   0.000000E+00   0.000000E+00   1.656996E-01   8.343004E-01   1.097708E+01
 6.599254E-01   0.000000E+00   0.000000E+00   0.000000E+00   1.462426E-01   8.537574E-01   1.272410E+01
 7.353664E-01   0.000000E+00   0.000000E+00   0.000000E+00   1.282342E-01   8.717658E-01   1.482649E+01
 8.065995E-01   0.000000E+00   0.000000E+00   0.000000E+00   1.111672E-01   8.888328E-01   1.746432E+01
 8.730035E-01   0.000000E+00   0.000000E+00   0.000000E+00   9.509244E-02   9.049076E-01   2.083665E+01
 9.337426E-01   0.000000E+00   0.000000E+00   0.000000E+00   7.902231E-02   9.209777E-01   2.561270E+01
 r/a            s_alpha        s_alpha_i      s_alpha_e      frac_ai        frac_ae        E_alpha/E_c
                (MW/cm^3)      (MW/cm^3)      (MW/cm^3)                                    
 0.000000E+00   0.000000E+00   0.000000E+00   0.000000E+00   3.102141E-01   6.897859E-01   4.968923E+00
 7.460002E-02   0.000000E+00   0.000000E+00   0.000000E+00   3.059868E-01   6.940132E-01   5.062328E+00
 1.535479E-01   0.000000E+00   0.000000E+00   0.000000E+00   2.942495E-01   7.057505E-01   5.336161E+00
 2.369344E-01   0.000000E+00   0.000000E+00   0.000000E+00   2.657405E-01   7.342595E-01   6.105116E+00
 3.252301E-01   0.000000E+00   0.000000E+00   0.000000E+00   2.330614E-01   7.669386E-01   7.225236E+00
 4.126685E-01   0.000000E+00   0.000000E+00   0.000000E+00   2.088305E-01   7.911695E-01   8.289058E+00
 4.980717E-01   0.000000E+00   0.000000E+00   0.000000E+00   1.860656E-01   8.139344E-01   9.548500E+00
 5.807436E-01   0.000000E+00   0.000000E+00   0.000000E+00   1.656634E-01   8.343366E-01   1.097993E+01
 6.599254E-01   0.000000E+00   0.000000E+00   0.000000E+00   1.462304E-01   8.537696E-01   1.272535E+01
 7.353664E-01   0.000000E+00   0.000000E+00   0.000000E+00   1.282302E-01   8.717698E-01   1.482703E+01
 8.065995E-01   0.000000E+00   0.000000E+00   0.000000E+00   1.111609E-01   8.888391E-01   1.746544E+01
 8.730035E-01   0.000000E+00   0.000000E+00   0.000000E+00   9.509282E-02   9.049072E-01   2.083655E+01
 9.337426E-01   0.000000E+00   0.000000E+00   0.000000E+00   7.902231E-02   9.209777E-01   2.561270E+01
 r/a            s_alpha        s_alpha_i      s_alpha_e      frac_ai        frac_ae        E_alpha/E_c
                (MW/cm^3)      (MW/cm^3)      (MW/cm^3)                                    
 0.000000E+00   0.000000E+00   0.000000E+00   0.000000E+00   3.158870E-01   6.841130E-01   4.847619E+00
 7.460002E-02   0.000000E+00   0.000000E+00   0.000000E+00   3.108117E-01   6.891883E-01   4.955931E+00
 1.535479E-01   0.000000E+00   0.000000E+00   0.000000E+00   2.937726E-01   7.062274E-01   5.347763E+00
 2.369344E-01   0.000000E+00   0.000000E+00   0.000000E+00   2.641208E-01   7.358792E-01   6.153933E+00
 3.252301E-01   0.000000E+00   0.000000E+00   0.000000E+00   2.342438E-01   7.657562E-01   7.179105E+00
 4.126685E-01   0.000000E+00   0.000000E+00   0.000000E+00   2.096817E-01   7.903183E-01   8.247404E+00
 4.980717E-01   0.000000E+00   0.000000E+00   0.000000E+00   1.866597E-01   8.133403E-01   9.511626E+00
 5.807436E-01   0.000000E+00   0.000000E+00   0.000000E+00   1.659782E-01   8.340218E-01   1.095510E+01
 6.599254E-01   0.000000E+00   0.000000E+00   0.000000E+00   1.464547E-01   8.535453E-01   1.270249E+01
 7.353664E-01   0.000000E+00   0.000000E+00   0.000000E+00   1.283660E-01   8.716340E-01   1.480890E+01
 8.065995E-01   0.000000E+00   0.000000E+00   0.000000E+00   1.112195E-01   8.887805E-01   1.745496E+01
 8.730035E-01   0.000000E+00   0.000000E+00   0.000000E+00   9.513795E-02   9.048621E-01   2.082546E+01
 9.337426E-01   0.000000E+00   0.000000E+00   0.000000E+00   7.902231E-02   9.209777E-01   2.561270E+01
 r/a            s_alpha        s_alpha_i      s_alpha_e      frac_ai        frac_ae        E_alpha/E_c
                (MW/cm^3)      (MW/cm^3)      (MW/cm^3)                                    
 0.000000E+00   0.000000E+00   0.000000E+00   0.000000E+00   3.147203E-01   6.852797E-01   4.872199E+00
 7.460002E-02   0.000000E+00   0.000000E+00   0.000000E+00   3.081094E-01   6.918906E-01   5.015099E+00
 1.535479E-01   0.000000E+00   0.000000E+00   0.000000E+00   2.886869E-01   7.113131E-01   5.473943E+00
 2.369344E-01   0.000000E+00   0.000000E+00   0.000000E+00   2.619242E-01   7.380758E-01   6.221129E+00
 3.252301E-01   0.000000E+00   0.000000E+00   0.000000E+00   2.355579E-01   7.644421E-01   7.128390E+00
 4.126685E-01   0.000000E+00   0.000000E+00   0.000000E+00   2.106559E-01   7.893441E-01   8.200158E+00
 4.980717E-01   0.000000E+00   0.000000E+00   0.000000E+00   1.871812E-01   8.128188E-01   9.479451E+00
 5.807436E-01   0.000000E+00   0.000000E+00   0.000000E+00   1.662582E-01   8.337418E-01   1.093310E+01
 6.599254E-01   0.000000E+00   0.000000E+00   0.000000E+00   1.466380E-01   8.533620E-01   1.268387E+01
 7.353664E-01   0.000000E+00   0.000000E+00   0.000000E+00   1.284979E-01   8.715021E-01   1.479135E+01
 8.065995E-01   0.000000E+00   0.000000E+00   0.000000E+00   1.112924E-01   8.887076E-01   1.744196E+01
 8.730035E-01   0.000000E+00   0.000000E+00   0.000000E+00   9.516674E-02   9.048333E-01   2.081838E+01
 9.337426E-01   0.000000E+00   0.000000E+00   0.000000E+00   7.902231E-02   9.209777E-01   2.561270E+01
 r/a            s_alpha        s_alpha_i      s_alpha_e      frac_ai        frac_ae        E_alpha/E_c
                (MW/cm^3)      (MW/cm^3)      (MW/cm^3)                                    
 0.000000E+00   0.000000E+00   0.000000E+00   0.000000E+00   3.154219E-01   6.845781E-01   4.857396E+00
 7.460002E-02   0.000000E+00   0.000000E+00   0.000000E+00   3.088517E-01   6.911483E-01   4.998740E+00
 1.535479E-01   0.000000E+00   0.000000E+00   0.000000E+00   2.895845E-01   7.104155E-01   5.451342E+00
 2.369344E-01   0.000000E+00   0.000000E+00   0.000000E+00   2.627305E-01   7.372695E-01   6.196330E+00
 3.252301E-01   0.000000E+00   0.000000E+00   0.000000E+00   2.358475E-01   7.641525E-01   7.117290E+00
 4.126685E-01   0.000000E+00   0.000000E+00   0.000000E+00   2.106565E-01   7.893435E-01   8.200126E+00
 4.980717E-01   0.000000E+00   0.000000E+00   0.000000E+00   1.871828E-01   8.128172E-01   9.479351E+00
 5.807436E-01   0.000000E+00   0.000000E+00   0.000000E+00   1.662599E-01   8.337401E-01   1.093296E+01
 6.599254E-01   0.000000E+00   0.000000E+00   0.000000E+00   1.466395E-01   8.533605E-01   1.268371E+01
 7.353664E-01   0.000000E+00   0.000000E+00   0.000000E+00   1.284991E-01   8.715009E-01   1.479118E+01
 8.065995E-01   0.000000E+00   0.000000E+00   0.000000E+00   1.112930E-01   8.887070E-01   1.744184E+01
 8.730035E-01   0.000000E+00   0.000000E+00   0.000000E+00   9.516688E-02   9.048331E-01   2.081835E+01
 9.337426E-01   0.000000E+00   0.000000E+00   0.000000E+00   7.902231E-02   9.209777E-01   2.561270E+01
 r/a            s_alpha        s_alpha_i      s_alpha_e      frac_ai        frac_ae        E_alpha/E_c
                (MW/cm^3)      (MW/cm^3)      (MW/cm^3)                                    
 0.000000E+00   0.000000E+00   0.000000E+00   0.000000E+00   3.120586E-01   6.879414E-01   4.928985E+00
 7.460002E-02   0.000000E+00   0.000000E+00   0.000000E+00   3.051958E-01   6.948042E-01   5.080102E+00
 1.535479E-01   0.000000E+00   0.000000E+00   0.000000E+00   2.886310E-01   7.113690E-01   5.475356E+00
 2.369344E-01   0.000000E+00   0.000000E+00   0.000000E+00   2.636704E-01   7.363296E-01   6.167618E+00
 3.252301E-01   0.000000E+00   0.000000E+00   0.000000E+00   2.357811E-01   7.642189E-01   7.119832E+00
 4.126685E-01   0.000000E+00   0.000000E+00   0.000000E+00   2.107003E-01   7.892997E-01   8.198011E+00
 4.980717E-01   0.000000E+00   0.000000E+00   0.000000E+00   1.872535E-01   8.127465E-01   9.475003E+00
 5.807436E-01   0.000000E+00   0.000000E+00   0.000000E+00   1.663258E-01   8.336742E-01   1.092780E+01
 6.599254E-01   0.000000E+00   0.000000E+00   0.000000E+00   1.466974E-01   8.533026E-01   1.267784E+01
 7.353664E-01   0.000000E+00   0.000000E+00   0.000000E+00   1.285438E-01   8.714562E-01   1.478524E+01
 8.065995E-01   0.000000E+00   0.000000E+00   0.000000E+00   1.113169E-01   8.886831E-01   1.743758E+01
 8.730035E-01   0.000000E+00   0.000000E+00   0.000000E+00   9.517212E-02   9.048279E-01   2.081706E+01
 9.337426E-01   0.000000E+00   0.000000E+00   0.000000E+00   7.902231E-02   9.209777E-01   2.561270E+01
 r/a            s_alpha        s_alpha_i      s_alpha_e      frac_ai        frac_ae        E_alpha/E_c
                (MW/cm^3)      (MW/cm^3)      (MW/cm^3)                                    
 0.000000E+00   0.000000E+00   0.000000E+00   0.000000E+00   3.121854E-01   6.878146E-01   4.926257E+00
 7.460002E-02   0.000000E+00   0.000000E+00   0.000000E+00   3.054198E-01   6.945802E-01   5.075060E+00
 1.535479E-01   0.000000E+00   0.000000E+00   0.000000E+00   2.887380E-01   7.112620E-01   5.472652E+00
 2.369344E-01   0.000000E+00   0.000000E+00   0.000000E+00   2.635863E-01   7.364137E-01   6.170177E+00
 3.252301E-01   0.000000E+00   0.000000E+00   0.000000E+00   2.357381E-01   7.642619E-01   7.121481E+00
 4.126685E-01   0.000000E+00   0.000000E+00   0.000000E+00   2.106809E-01   7.893191E-01   8.198947E+00
 4.980717E-01   0.000000E+00   0.000000E+00   0.000000E+00   1.872481E-01   8.127519E-01   9.475336E+00
 5.807436E-01   0.000000E+00   0.000000E+00   0.000000E+00   1.663238E-01   8.336762E-01   1.092796E+01
 6.599254E-01   0.000000E+00   0.000000E+00   0.000000E+00   1.466952E-01   8.533048E-01   1.267806E+01
 7.353664E-01   0.000000E+00   0.000000E+00   0.000000E+00   1.285427E-01   8.714573E-01   1.478539E+01
 8.065995E-01   0.000000E+00   0.000000E+00   0.000000E+00   1.113159E-01   8.886841E-01   1.743775E+01
 8.730035E-01   0.000000E+00   0.000000E+00   0.000000E+00   9.517140E-02   9.048286E-01   2.081724E+01
 9.337426E-01   0.000000E+00   0.000000E+00   0.000000E+00   7.902231E-02   9.209777E-01   2.561270E+01
